_id,Recipe_Title,Description,image_link,portion,youtube_link,cooking_time,ingredients,user,__v,tips
f302c2a9-8695-4e69-8715-8c61510c2542,Chinese Dessert,Chinese style item dessert.,file:///data/user/0/host.exp.exponent/cache/ExperienceData/%2540anonymous/3de99a14-e4b9-4101-a640-140018f80866,2 people,https://youtu.be/QELYLXhq?si=pssaomSA,1 hour,"tomato, chicken, cheese, pork, basil",a3637e8b-1120-4f4a-835a-68352ff2e9cd,0,Let it rest after cooking. Sesame oil can add a great flavor to stir-fries.
c1c5fa3e-4012-4ce1-90d2-3a6d7135fa63,Mexican Main Course,Mexican style life main course.,file:///data/user/0/host.exp.exponent/cache/ExperienceData/%2540anonymous/e1f7d7c1-505d-432b-aa59-3d612fe77624,2 people,https://youtu.be/KYAoOclL?si=bvLRvlJB,45 minutes,"pepper, milk, sugar, basil, onion, beef",d24c02af-ad65-4d08-8d23-30a5331a9072,0,Always taste as you go. Fresh lime will enhance the flavors.
c4f6f2bf-8942-48fc-8011-273a06bf4cab,Mexican Dessert,Mexican style leg dessert.,file:///data/user/0/host.exp.exponent/cache/ExperienceData/%2540anonymous/aebf61e2-9f89-44c5-904c-3891bf2dcb91,4 people,https://youtu.be/nfTllHvl?si=VePbBefW,45 minutes,"chicken, pork, cheese, tomato, flour",6f383884-d995-4b53-8998-53ea3967964d,0,Always taste as you go. Fresh lime will enhance the flavors.
887e45c7-24e9-4c32-9cd1-03ade6d4da02,Mexican Dessert,Mexican style ten dessert.,file:///data/user/0/host.exp.exponent/cache/ExperienceData/%2540anonymous/908cebc3-305c-425a-8f96-38989b77203c,2 people,https://youtu.be/blGwvYhg?si=qtwoURmy,1 hour,"egg, onion, tomato, butter, cinnamon",2c47c46c-ac34-49ce-b00f-90014d1fa19c,0,Let it rest after cooking. Fresh lime will enhance the flavors.
9bdc45b2-5239-4901-b98e-0169cf9bb702,Italian Main Course,Italian style bar main course.,file:///data/user/0/host.exp.exponent/cache/ExperienceData/%2540anonymous/4d97e359-8fe0-4af5-874c-52ce38fd7ff7,2 people,https://youtu.be/oErOGiNP?si=PlTAkBNd,45 minutes,"onion, basil, flour, pork, tomato",438aac6d-1d98-429f-90e8-18364644b74a,0,Make sure to season well. Use olive oil for an authentic taste.
97713953-ce76-4311-bd76-26c62cda2717,Mexican Salad,Mexican style cell salad.,file:///data/user/0/host.exp.exponent/cache/ExperienceData/%2540anonymous/e71a2649-6b57-4b05-82b6-ef8bc0389712,2 people,https://youtu.be/QgEeObcx?si=QzcmMPje,45 minutes,"onion, sugar, tomato, egg",418af300-a89e-461c-aac3-1d8475874f59,0,Let it rest after cooking. Fresh lime will enhance the flavors.
d93799bb-7247-44d3-b0be-2733a580db44,Mexican Salad,Mexican style civil salad.,file:///data/user/0/host.exp.exponent/cache/ExperienceData/%2540anonymous/1381e2aa-c6b9-422d-8612-40fe90ebee40,4 people,https://youtu.be/bbocqydP?si=lNbuWDLp,45 minutes,"garlic, sugar, basil",2eace9c5-0ead-41db-b007-a4aea525e478,0,Make sure to season well. Fresh lime will enhance the flavors.
80872e22-2141-4f16-8bd7-8a77ecac915e,Indian Main Course,Indian style culture main course.,file:///data/user/0/host.exp.exponent/cache/ExperienceData/%2540anonymous/81e001f8-5e8a-40be-8bc2-50af8832141b,4 people,https://youtu.be/dAtTtATZ?si=eKntQctG,2 hours,"pepper, onion, butter, sugar, chicken, tomato",d2422396-16e0-4ee6-b5ec-adbc389920d2,0,Make sure to season well. Adjust the amount of spices if you prefer less heat.
8fb3b592-0bfc-4669-9ff3-495b9b197236,Italian Dessert,Italian style always dessert.,file:///data/user/0/host.exp.exponent/cache/ExperienceData/%2540anonymous/76225247-9a95-4bba-8c2f-b28b07a00734,2 people,https://youtu.be/XekrfHOP?si=hDUQLIkH,1 hour,"sugar, cheese, pepper, butter, chicken, beef",22c48e90-e0f5-41e7-b1bd-2f19f4e5b77c,0,Make sure to season well. Use olive oil for an authentic taste.
449fe9ea-ba28-4376-9015-71cecbcd5325,American Dessert,American style language dessert.,file:///data/user/0/host.exp.exponent/cache/ExperienceData/%2540anonymous/5971114e-1d96-43e6-a748-c737966e1802,4 people,https://youtu.be/OllihYcU?si=EjmGGnSe,1 hour,"butter, garlic, flour, milk, sugar, egg",36b7bee1-92c9-49f2-bc0e-a182ea82c798,0,Make sure to season well. Do not overmix when making muffins.
53ce1927-f586-4341-be82-ded8477a1dd7,Chinese Salad,Chinese style cause salad.,file:///data/user/0/host.exp.exponent/cache/ExperienceData/%2540anonymous/76be8797-1a6c-4d37-8589-6ef52e2c0db6,4 people,https://youtu.be/bTNNWcug?si=KmEiLlSn,45 minutes,"cheese, garlic, milk, basil, onion, tomato",40c9dd73-2617-40f2-ba18-e66b703e9d84,0,Make sure to season well. Sesame oil can add a great flavor to stir-fries.
6d141bf7-d974-40bc-aa5d-ad6ed082401e,Italian Salad,Italian style friend salad.,file:///data/user/0/host.exp.exponent/cache/ExperienceData/%2540anonymous/22e60436-6be7-47f8-86c1-5990876b207a,1 person,https://youtu.be/XLIiUjBP?si=BSEDwrgL,2 hours,"egg, basil, onion, beef, pork",bb1e9e84-3c07-4c19-b6f6-90b2d25f383c,0,Let it rest after cooking. Use olive oil for an authentic taste.
e5478dfd-0c88-4aab-835a-1700cb957fcc,Italian Snack,Italian style word snack.,file:///data/user/0/host.exp.exponent/cache/ExperienceData/%2540anonymous/f7f3de05-04a5-49b3-9803-2b8f0faf5181,2 people,https://youtu.be/rQillovk?si=oVDDKFTY,2 hours,"cheese, pepper, garlic",129d2e42-ce53-49dd-9d9d-68e91e05e586,0,Let it rest after cooking. Use olive oil for an authentic taste.
b2f73732-ffba-4f68-8ef5-e9d8ecbe8c35,American Dessert,American style concern dessert.,file:///data/user/0/host.exp.exponent/cache/ExperienceData/%2540anonymous/9d60ac6b-7699-4571-995f-97e026499cc3,6 people,https://youtu.be/JNfCpPml?si=FrkCEphd,30 minutes,"garlic, pepper, pork",309eb8cb-0d95-486a-ab86-855dd6e11cb9,0,Use fresh ingredients for better flavor. Do not overmix when making muffins.
385c203e-e9db-4336-b0b3-d1ae43d23d35,Italian Salad,Italian style hear salad.,file:///data/user/0/host.exp.exponent/cache/ExperienceData/%2540anonymous/6690de54-7400-490e-a95f-e12cbe6c2162,4 people,https://youtu.be/ioDJbbST?si=STNExUSH,45 minutes,"egg, cinnamon, tomato, basil, flour",2f070ab0-c3aa-4a45-9690-d2806aff1b21,0,Make sure to season well. Use olive oil for an authentic taste.
764efe3c-eb62-4a17-a75a-3094ea21762e,Mexican Main Course,Mexican style box main course.,file:///data/user/0/host.exp.exponent/cache/ExperienceData/%2540anonymous/9521985f-484e-49aa-93e1-7b146d5b0d05,6 people,https://youtu.be/ApNaySGP?si=TsrALlHC,2 hours,"tomato, garlic, egg, sugar, basil, flour",ae861997-7417-49f7-8741-d6ce8129ede3,0,Make sure to season well. Fresh lime will enhance the flavors.
067e0c6c-6b9c-470b-bc7e-718e0b0f1fc7,Mexican Dessert,Mexican style else dessert.,file:///data/user/0/host.exp.exponent/cache/ExperienceData/%2540anonymous/6660f131-5776-4753-a9f3-23ac8c32326d,4 people,https://youtu.be/fcjWJFYR?si=uymgozlE,30 minutes,"basil, butter, chicken",649e012c-ec4b-46ef-8f6d-28213591af02,0,Use fresh ingredients for better flavor. Fresh lime will enhance the flavors.
64c8efa6-e815-4dbf-aa2c-abfd8f32de45,American Salad,American style garden salad.,file:///data/user/0/host.exp.exponent/cache/ExperienceData/%2540anonymous/524a6ecb-f9c1-414a-a986-c4b2d64077db,2 people,https://youtu.be/UDwlyXLn?si=wTyJFsSs,30 minutes,"cinnamon, tomato, pork, onion, cheese, chicken",0c3c8327-6f2c-4e20-920f-9168f6bb7314,0,Let it rest after cooking. Do not overmix when making muffins.
8e3e5346-458e-465e-bbb0-479c0367d030,Italian Salad,Italian style responsibility salad.,file:///data/user/0/host.exp.exponent/cache/ExperienceData/%2540anonymous/9b877553-8bdc-4229-82f5-901ab655a97e,2 people,https://youtu.be/dKomFCKI?si=EUqSrysj,1 hour,"flour, butter, garlic, milk, beef, sugar",d0c2aa46-f286-4d17-8bc1-d1d5cda27d23,0,Always taste as you go. Use olive oil for an authentic taste.
498c34ef-0fac-4f5c-939d-4d2f0c7eee97,Mexican Salad,Mexican style today salad.,file:///data/user/0/host.exp.exponent/cache/ExperienceData/%2540anonymous/a1eeecf7-50de-4f49-b381-48e06e31681e,1 person,https://youtu.be/nLuDBDYg?si=EtfyNgiJ,45 minutes,"egg, cinnamon, tomato, milk",11a8b357-1088-4c1e-8aec-124cb6028101,0,Let it rest after cooking. Fresh lime will enhance the flavors.
107a765e-3bf6-45b1-bb34-34753982f5a7,Mexican Salad,Mexican style push salad.,file:///data/user/0/host.exp.exponent/cache/ExperienceData/%2540anonymous/db9d7221-8e28-41a7-8ce1-9d4b59006b56,4 people,https://youtu.be/hKsQdwll?si=vcAghXPs,30 minutes,"tomato, beef, onion, flour",59a701d4-77e8-4084-a45d-d73f4f8b0ed6,0,Use fresh ingredients for better flavor. Fresh lime will enhance the flavors.
2fcac76b-0c51-4f6f-923d-5a607b450cc0,Chinese Main Course,Chinese style way main course.,file:///data/user/0/host.exp.exponent/cache/ExperienceData/%2540anonymous/7676c3f7-63f0-403e-bf84-0d26cf5e3540,6 people,https://youtu.be/ScKNdKVt?si=IvRooJqY,2 hours,"cinnamon, garlic, milk, sugar, butter",a5ae9af8-747d-40e1-8bb6-7148ca9fad0b,0,Let it rest after cooking. Sesame oil can add a great flavor to stir-fries.
6680783e-2b95-420f-9bc2-5f6d303665e1,American Soup,American style mission soup.,file:///data/user/0/host.exp.exponent/cache/ExperienceData/%2540anonymous/c3af5419-5f7d-4236-b4c2-38f0277221dc,1 person,https://youtu.be/MBUTWmjO?si=VRHsnHWg,30 minutes,"egg, garlic, beef, onion",cc359031-78a4-4a55-b0dd-11df1d53d9b6,0,Always taste as you go. Do not overmix when making muffins.
92bd481a-9a8e-4599-8921-7c9e012c4c19,Italian Dessert,Italian style write dessert.,file:///data/user/0/host.exp.exponent/cache/ExperienceData/%2540anonymous/4c3afba2-24be-44fa-a156-ca4debf25019,2 people,https://youtu.be/OfaOomhP?si=WWLiYuVA,1 hour,"flour, pork, pepper",2bc8ce1a-b3e2-4678-8e34-5a2c61a9fdca,0,Always taste as you go. Use olive oil for an authentic taste.
57c45014-d5d3-45e3-8c21-b28e5ff1ce29,Mexican Salad,Mexican style field salad.,file:///data/user/0/host.exp.exponent/cache/ExperienceData/%2540anonymous/a119e749-bd40-47e2-a9b2-87200fab35f4,2 people,https://youtu.be/BzIIERiY?si=GLRLpltG,30 minutes,"onion, sugar, butter, tomato",f979e412-f190-4df5-95c3-fbb6c502bf2f,0,Make sure to season well. Fresh lime will enhance the flavors.
33d8fa58-c487-4aa5-8aac-8f9f9f53e61d,Chinese Dessert,Chinese style reality dessert.,file:///data/user/0/host.exp.exponent/cache/ExperienceData/%2540anonymous/667c9ad0-746e-41af-80ab-539193e50646,6 people,https://youtu.be/dQvVTUxk?si=yuQxyctI,30 minutes,"pepper, butter, tomato, cheese, garlic, chicken",766253d1-fd2d-4d69-8bb1-af8a32f106eb,0,Make sure to season well. Sesame oil can add a great flavor to stir-fries.
ed4a8c91-54b1-497e-b66a-ac3ca0c35938,Mexican Snack,Mexican style radio snack.,file:///data/user/0/host.exp.exponent/cache/ExperienceData/%2540anonymous/82c1c9f8-002f-4b26-bd9b-47e097f896ff,6 people,https://youtu.be/nULCThZn?si=plOnBXRs,45 minutes,"basil, beef, milk",a59c6463-588f-41a2-ae3b-d16d63cc8b0e,0,Always taste as you go. Fresh lime will enhance the flavors.
30858d17-5c38-4a22-8ba2-9db2439c4bcf,Italian Salad,Italian style beyond salad.,file:///data/user/0/host.exp.exponent/cache/ExperienceData/%2540anonymous/5a6702fb-2996-4b5c-a21f-6dbe115aeafc,4 people,https://youtu.be/SPIIBhGY?si=cLhzsVvY,1 hour,"garlic, sugar, flour",36519547-1553-47b3-bd4d-dfadc834cfc5,0,Always taste as you go. Use olive oil for an authentic taste.
d06731a6-ccce-4c06-9997-13ee017936c8,Chinese Salad,Chinese style history salad.,file:///data/user/0/host.exp.exponent/cache/ExperienceData/%2540anonymous/469f209e-2d24-47fb-bb41-17226a96c81f,4 people,https://youtu.be/KffZYiQC?si=ZMHTFzYJ,1 hour,"egg, sugar, basil",2af21890-16cb-47bd-8816-08f53dc5a34b,0,Make sure to season well. Sesame oil can add a great flavor to stir-fries.
909ad7f1-1af5-4982-aeb0-b6db39b75dfc,Italian Main Course,Italian style natural main course.,file:///data/user/0/host.exp.exponent/cache/ExperienceData/%2540anonymous/8c17b4fa-ae64-4a88-8d30-8e2a0904cce1,1 person,https://youtu.be/NqNDnPrp?si=XPUUPVVc,2 hours,"chicken, basil, sugar, cheese, pepper",e8384cf7-2e08-4d28-9cd4-40c7b2ec524c,0,Let it rest after cooking. Use olive oil for an authentic taste.
310eb706-07f6-4f2e-9fec-bce538f067f1,Indian Salad,Indian style so salad.,file:///data/user/0/host.exp.exponent/cache/ExperienceData/%2540anonymous/d322de82-fc0c-4bf5-9e23-0ec47b79a310,2 people,https://youtu.be/HIWWWBtk?si=KbmulUxE,30 minutes,"milk, pork, cinnamon, sugar, cheese, chicken",6741d386-c601-49e8-9879-815ff59e1bc8,0,Always taste as you go. Adjust the amount of spices if you prefer less heat.
f524c504-6b74-47c6-9236-7f05f33c6b8f,Chinese Dessert,Chinese style interest dessert.,file:///data/user/0/host.exp.exponent/cache/ExperienceData/%2540anonymous/3fd03136-fc10-41dd-bf72-5c44bc36d253,6 people,https://youtu.be/LEIZIgdj?si=JfZClpZD,1 hour,"flour, sugar, egg",88773261-9aa5-482b-bb73-02703d425449,0,Let it rest after cooking. Sesame oil can add a great flavor to stir-fries.
01a33bc1-4501-4233-b7af-d9a88b849e3d,Mexican Main Course,Mexican style power main course.,file:///data/user/0/host.exp.exponent/cache/ExperienceData/%2540anonymous/8ba8f765-9810-4ab2-bdc4-93e794228add,1 person,https://youtu.be/CdnLIenR?si=cfxcQzng,45 minutes,"chicken, pork, cheese, cinnamon, flour, tomato",0e704ac6-22b3-4bdc-8ca3-426a7bed4df7,0,Let it rest after cooking. Fresh lime will enhance the flavors.
7836629a-95d8-46dd-9eae-4cadc0ffe2aa,Mexican Salad,Mexican style walk salad.,file:///data/user/0/host.exp.exponent/cache/ExperienceData/%2540anonymous/d4f2afce-2923-446c-9082-f3171c286b30,6 people,https://youtu.be/TubvJLCS?si=nhiMDkrH,2 hours,"chicken, egg, butter, cheese",bebbf476-aaeb-469f-b6e8-e47421fde310,0,Let it rest after cooking. Fresh lime will enhance the flavors.
b9fd1490-1049-4260-b0c5-07aa6b1ae1f9,Italian Dessert,Italian style others dessert.,file:///data/user/0/host.exp.exponent/cache/ExperienceData/%2540anonymous/a50f4d3a-3567-4630-b178-dd865f633c60,4 people,https://youtu.be/XAaWWYtH?si=TpBJhHVG,30 minutes,"milk, flour, cheese, onion, sugar, butter",165cf67b-3e55-4b2e-9ff9-220e20b41b37,0,Let it rest after cooking. Use olive oil for an authentic taste.
6ffb5992-bde6-425c-9d8b-0dac6458602d,Chinese Snack,Chinese style mission snack.,file:///data/user/0/host.exp.exponent/cache/ExperienceData/%2540anonymous/82ff5684-7b33-4b1c-87a2-648d86cea750,1 person,https://youtu.be/vOTxRKRU?si=UXStQkXD,1 hour,"pork, milk, cinnamon, beef, tomato",fe6465e6-5bbb-4c13-80eb-bc0ed751a37c,0,Use fresh ingredients for better flavor. Sesame oil can add a great flavor to stir-fries.
30a52231-8e62-4924-860d-358bb113979d,Chinese Soup,Chinese style page soup.,file:///data/user/0/host.exp.exponent/cache/ExperienceData/%2540anonymous/0961a6aa-d87f-4dd3-8e22-5cdc1a503b04,2 people,https://youtu.be/oOdAclEh?si=RwCIcKXh,30 minutes,"butter, onion, flour, pepper",e2b5da11-10c2-4540-b0d8-bfbe0855dad7,0,Let it rest after cooking. Sesame oil can add a great flavor to stir-fries.
97bb3899-7c28-476f-96f6-0f67efa2ac9f,Italian Dessert,Italian style line dessert.,file:///data/user/0/host.exp.exponent/cache/ExperienceData/%2540anonymous/7a8e9875-7ec6-4e68-ac2e-528313fff033,1 person,https://youtu.be/dtMvrYnB?si=ndxAviRD,1 hour,"flour, milk, garlic, beef",46beb31d-0b4b-471e-959b-2b81d250fe3a,0,Let it rest after cooking. Use olive oil for an authentic taste.
288058a4-bc1a-408b-95c1-3a17a02e4a8b,Chinese Main Course,Chinese style bar main course.,file:///data/user/0/host.exp.exponent/cache/ExperienceData/%2540anonymous/e8568483-95d2-4b95-80b2-05d744dabfe8,1 person,https://youtu.be/FNoMEWVy?si=sfefmkAk,30 minutes,"cheese, tomato, sugar",effd2640-a825-414c-ae38-35d439fe3645,0,Use fresh ingredients for better flavor. Sesame oil can add a great flavor to stir-fries.
4642357a-0a66-4027-8194-42cc437c69d6,American Dessert,American style get dessert.,file:///data/user/0/host.exp.exponent/cache/ExperienceData/%2540anonymous/6612e050-ffd9-41cc-b349-b0f226099c7f,1 person,https://youtu.be/RSebZCnq?si=FGTAEEiu,2 hours,"sugar, cinnamon, pepper, chicken",f1794248-7af3-4fc8-b1d0-e5750b2f31c9,0,Let it rest after cooking. Do not overmix when making muffins.
deec33c6-2be0-487c-bb61-944ce2f2cee9,Italian Main Course,Italian style condition main course.,file:///data/user/0/host.exp.exponent/cache/ExperienceData/%2540anonymous/b4707b1c-5372-43e4-a656-8787b0411d91,1 person,https://youtu.be/VhkkPcHM?si=IwEWqCDV,2 hours,"cinnamon, garlic, pork",fb179609-ca8d-4634-bb2a-00d1d3161dbb,0,Use fresh ingredients for better flavor. Use olive oil for an authentic taste.
73c50c71-6ac8-4e24-a3a6-be4484076ff3,Mexican Main Course,Mexican style listen main course.,file:///data/user/0/host.exp.exponent/cache/ExperienceData/%2540anonymous/d04a1b56-51ed-4acc-a9c9-52c1c7226361,6 people,https://youtu.be/tTIryfKQ?si=aCwUwCka,45 minutes,"garlic, cheese, milk",cfbea9c4-2750-464c-9eb5-8158bab9daa6,0,Use fresh ingredients for better flavor. Fresh lime will enhance the flavors.
fc11a6d4-e116-45bb-8a4a-0d6ca55fa151,Indian Main Course,Indian style soon main course.,file:///data/user/0/host.exp.exponent/cache/ExperienceData/%2540anonymous/36c2558e-12c3-444b-911e-ecf3a5382436,2 people,https://youtu.be/ATKDlZOW?si=iRGYwLXf,30 minutes,"chicken, beef, pork, sugar",60d728fb-a947-461e-99d6-9a67a29aa29a,0,Let it rest after cooking. Adjust the amount of spices if you prefer less heat.
10511c8e-5c76-4e99-9a0f-f0ccfd97c97e,Indian Main Course,Indian style low main course.,file:///data/user/0/host.exp.exponent/cache/ExperienceData/%2540anonymous/d28892ea-cb29-48f3-bafe-0cc243833f14,4 people,https://youtu.be/HbIdBNIR?si=RFBPvvOP,30 minutes,"cheese, cinnamon, milk, pepper",3127c6a1-2007-4c94-8f6f-c94117ed2afb,0,Always taste as you go. Adjust the amount of spices if you prefer less heat.
96b37aa1-ef43-4064-9f92-50f99ef738e7,Indian Main Course,Indian style citizen main course.,file:///data/user/0/host.exp.exponent/cache/ExperienceData/%2540anonymous/63a3372d-4b47-4134-a830-4ae8f67b95b3,1 person,https://youtu.be/IqOKJbVM?si=pYLtPpFD,45 minutes,"onion, sugar, butter, pork, cheese",f60f1455-b8d3-437d-9662-641d2495e636,0,Always taste as you go. Adjust the amount of spices if you prefer less heat.
9fc8a289-0acd-43f4-80a2-75028409571e,Indian Main Course,Indian style parent main course.,file:///data/user/0/host.exp.exponent/cache/ExperienceData/%2540anonymous/139bc5a4-da20-4f63-ae30-1714e871ba03,1 person,https://youtu.be/oHAjwudD?si=OEhZlzpg,45 minutes,"flour, onion, pepper, beef, chicken, pork",0915b4cd-f426-4348-aec4-dcdeac247edb,0,Let it rest after cooking. Adjust the amount of spices if you prefer less heat.
bab2c449-f95d-4c79-a83b-5f056aab64f1,American Salad,American style look salad.,file:///data/user/0/host.exp.exponent/cache/ExperienceData/%2540anonymous/a3777b4f-a1c8-4a5b-af43-ca8cfb9fe203,1 person,https://youtu.be/CGzTlkMZ?si=JRcXUbEP,45 minutes,"cheese, garlic, tomato",9f1f647c-925b-434a-be00-75d954894cf3,0,Use fresh ingredients for better flavor. Do not overmix when making muffins.
a0445d8b-5336-4c93-92b7-9ecf2c36e875,American Main Course,American style play main course.,file:///data/user/0/host.exp.exponent/cache/ExperienceData/%2540anonymous/67bbb902-b18c-49fb-b566-a1c3b23e2b79,2 people,https://youtu.be/QwbxQkRf?si=PWiuJxDG,2 hours,"sugar, milk, pepper, butter",463b66ea-d42b-4b26-95b4-f7e04ccfc61e,0,Always taste as you go. Do not overmix when making muffins.
f5ba03ac-2065-4d9f-b6b3-d7daa377cb17,American Dessert,American style box dessert.,file:///data/user/0/host.exp.exponent/cache/ExperienceData/%2540anonymous/ac9aca25-6a43-41c1-8e12-f1950095a68f,4 people,https://youtu.be/uENmzivf?si=hLcGrjrG,2 hours,"milk, tomato, flour, cinnamon",1b9bee64-9f9e-4e40-aa83-f89d43d53687,0,Use fresh ingredients for better flavor. Do not overmix when making muffins.
bc31cfd4-3a6f-41fd-a87c-edba517195c7,Mexican Soup,Mexican style away soup.,file:///data/user/0/host.exp.exponent/cache/ExperienceData/%2540anonymous/fc28447a-de6b-4bbd-ab39-5df0db365abd,1 person,https://youtu.be/zmFHvyqn?si=jvkbkKEH,30 minutes,"pepper, tomato, egg",01862f41-4a9e-4180-8e14-94b9f164db0c,0,Use fresh ingredients for better flavor. Fresh lime will enhance the flavors.
0995dd93-24a6-47cc-b9d2-9b3829b6cf24,Chinese Salad,Chinese style suggest salad.,file:///data/user/0/host.exp.exponent/cache/ExperienceData/%2540anonymous/2ea16257-440d-4b76-b741-97f85162aa9c,4 people,https://youtu.be/zbOwDNHe?si=AvACIdKE,30 minutes,"tomato, flour, basil",44c14065-bdb8-4d92-8788-2aaa25b8347d,0,Make sure to season well. Sesame oil can add a great flavor to stir-fries.
79fdb818-423d-4625-b5e8-e8d2fde90aad,Indian Dessert,Indian style us dessert.,file:///data/user/0/host.exp.exponent/cache/ExperienceData/%2540anonymous/13e63cd2-3666-4503-ab22-6dc731ac2385,1 person,https://youtu.be/DXLIqRxl?si=mikXJTDt,30 minutes,"garlic, butter, flour, egg, cinnamon",dcd1b1aa-e5aa-41f0-9aa1-d72105478f6e,0,Use fresh ingredients for better flavor. Adjust the amount of spices if you prefer less heat.
d790a02d-9a25-4b12-bdd0-2e33f7b9ca2e,Italian Soup,Italian style light soup.,file:///data/user/0/host.exp.exponent/cache/ExperienceData/%2540anonymous/d742c4ed-7a4f-4898-8cc4-c17fd30fde14,6 people,https://youtu.be/roofbfwe?si=ZrNioEZg,2 hours,"pork, garlic, onion, flour, basil, egg",bea2b062-f959-4f94-aa9f-26462f28311c,0,Always taste as you go. Use olive oil for an authentic taste.
3e3aab27-e987-4af6-a710-92a092d4927b,Chinese Soup,Chinese style chance soup.,file:///data/user/0/host.exp.exponent/cache/ExperienceData/%2540anonymous/7bbb7282-6fae-4f66-b455-8948062665ef,2 people,https://youtu.be/ivMIFupb?si=zbnVGnbi,2 hours,"garlic, basil, flour, chicken",1614250f-72aa-45d9-9f60-f0a68a0cf997,0,Make sure to season well. Sesame oil can add a great flavor to stir-fries.
c469a842-6cae-4aad-bae6-5da4e6cd893a,American Dessert,American style economy dessert.,file:///data/user/0/host.exp.exponent/cache/ExperienceData/%2540anonymous/6a450d23-91db-43b1-a31a-70aec54f3d76,2 people,https://youtu.be/BfQVLsVF?si=RjlQQiCZ,2 hours,"pepper, cinnamon, cheese, onion",8e841906-d87d-4fa3-a11b-9b9dcc52470f,0,Use fresh ingredients for better flavor. Do not overmix when making muffins.
c1bfd7bb-1a52-48a9-b910-d49056f9cf4f,Italian Dessert,Italian style someone dessert.,file:///data/user/0/host.exp.exponent/cache/ExperienceData/%2540anonymous/612a45af-515e-47b3-ae91-289c7ae716f4,2 people,https://youtu.be/VGIeTkRH?si=bgjwJsOw,45 minutes,"chicken, tomato, onion, sugar, beef",fb12bf65-9d33-4542-82d3-4b193ac45063,0,Use fresh ingredients for better flavor. Use olive oil for an authentic taste.
44e105b6-6787-4ed3-9d47-4e3afa33c4ce,Mexican Main Course,Mexican style those main course.,file:///data/user/0/host.exp.exponent/cache/ExperienceData/%2540anonymous/c32a9d1a-b3e3-4ec6-8440-780364e0bb38,4 people,https://youtu.be/ahNrPSKv?si=MCnMZcZV,30 minutes,"butter, cheese, beef",155aa877-950c-4361-acd6-c4bd89a4de50,0,Use fresh ingredients for better flavor. Fresh lime will enhance the flavors.
77a6e203-efb6-43a6-a392-df8339895bc8,Mexican Main Course,Mexican style camera main course.,file:///data/user/0/host.exp.exponent/cache/ExperienceData/%2540anonymous/ca1abc6f-d9ec-447b-94b3-2ce893da4c70,6 people,https://youtu.be/pmwhOZKc?si=FQJVHbzr,2 hours,"pepper, butter, chicken",04073eb3-ea84-4558-a47a-248df4ef389a,0,Make sure to season well. Fresh lime will enhance the flavors.
9591596f-2a8d-4e78-967e-b4604e690996,American Main Course,American style pattern main course.,file:///data/user/0/host.exp.exponent/cache/ExperienceData/%2540anonymous/0872bf7d-3d19-496f-a438-a5afe4832e80,1 person,https://youtu.be/QWkhJzOb?si=NCXGGPhp,30 minutes,"beef, milk, flour, tomato, cheese, onion",a38a1400-af3f-4fb5-a635-1d6ef2f14157,0,Always taste as you go. Do not overmix when making muffins.
b0ac3a0f-8f2e-4aac-956b-9631f174748d,Mexican Snack,Mexican style perhaps snack.,file:///data/user/0/host.exp.exponent/cache/ExperienceData/%2540anonymous/3468a6e1-849e-4152-84ad-0bb2232576d8,6 people,https://youtu.be/HQvvixjB?si=jaoYhrgr,1 hour,"pepper, tomato, flour",aae67069-e0d0-4b57-b6c9-e565e4ed10a5,0,Always taste as you go. Fresh lime will enhance the flavors.
7ff47141-f4ef-425c-b9db-de2358d937ba,Mexican Snack,Mexican style finish snack.,file:///data/user/0/host.exp.exponent/cache/ExperienceData/%2540anonymous/5039fb5e-a504-4e61-be7f-adbf1179bf56,6 people,https://youtu.be/uflDlDTG?si=icDpSCqZ,45 minutes,"pepper, sugar, onion, beef, cinnamon, garlic",eb19601a-c733-44c5-894c-e5cf84a165e9,0,Always taste as you go. Fresh lime will enhance the flavors.
28ca11b0-31ce-41af-8bb0-19362e4dec31,Italian Main Course,Italian style at main course.,file:///data/user/0/host.exp.exponent/cache/ExperienceData/%2540anonymous/e6a141ae-4337-4d70-8446-b3b1303e436d,4 people,https://youtu.be/lzVPvPbc?si=qenCMUdY,30 minutes,"butter, cheese, tomato, beef",0a9b69c6-7d3f-4a4e-a5b7-2d3b4753830e,0,Make sure to season well. Use olive oil for an authentic taste.
1081ecac-ac67-4b13-83fe-306761e31fb4,Indian Salad,Indian style around salad.,file:///data/user/0/host.exp.exponent/cache/ExperienceData/%2540anonymous/e1b05c78-3486-415a-b770-4a6baedc464a,6 people,https://youtu.be/AouSJwfx?si=wpyFlCvB,30 minutes,"chicken, flour, sugar, onion",e2425216-087e-4df9-9555-0f028df5ebb3,0,Make sure to season well. Adjust the amount of spices if you prefer less heat.
05a4c9d2-d218-43b0-8dbc-35273571e490,Mexican Soup,Mexican style road soup.,file:///data/user/0/host.exp.exponent/cache/ExperienceData/%2540anonymous/64a85541-0119-4a60-85f8-cd53dbb739a3,2 people,https://youtu.be/MOxbKHRu?si=JoOQVmlo,2 hours,"butter, pepper, flour, pork, milk, chicken",bb431565-bcfb-463d-964a-bbc6a4339c26,0,Let it rest after cooking. Fresh lime will enhance the flavors.
ee1b81b9-1932-438c-8e7c-6b0e0843dfd2,American Salad,American style wide salad.,file:///data/user/0/host.exp.exponent/cache/ExperienceData/%2540anonymous/e4780d21-f3c4-4893-a939-ce6943916906,2 people,https://youtu.be/rEiuKKRQ?si=oNSDtiAA,45 minutes,"sugar, beef, pepper",7535a5d9-58fe-497e-8b2f-a69bee03b365,0,Let it rest after cooking. Do not overmix when making muffins.
ae136213-1b9b-4425-94f0-973234811d2c,Italian Salad,Italian style remain salad.,file:///data/user/0/host.exp.exponent/cache/ExperienceData/%2540anonymous/5dfeadf6-6da0-409a-aa61-d43e6b674203,4 people,https://youtu.be/YGPDsgBL?si=jnOpEEka,2 hours,"tomato, beef, chicken, basil, pepper",edda7897-b39a-4508-ab11-0738b9be1b19,0,Let it rest after cooking. Use olive oil for an authentic taste.
ac86e114-acdf-466f-b77b-78133a4d4c54,Chinese Dessert,Chinese style federal dessert.,file:///data/user/0/host.exp.exponent/cache/ExperienceData/%2540anonymous/12440728-a1f7-4f80-be58-fd7ea3b08119,4 people,https://youtu.be/UBcMWFeN?si=YbfQqSBz,1 hour,"flour, pepper, garlic, cheese, pork",e9e00244-6274-49b9-be66-6d154309e925,0,Let it rest after cooking. Sesame oil can add a great flavor to stir-fries.
d13bb060-06ba-45e0-9894-4a1d2c08b5fc,Italian Snack,Italian style Democrat snack.,file:///data/user/0/host.exp.exponent/cache/ExperienceData/%2540anonymous/d237257a-3f39-4f46-b3a8-3ce9dbaa0364,2 people,https://youtu.be/skNNOWVW?si=IppDUUzs,2 hours,"pepper, cinnamon, butter, milk",99d3a828-cec1-4017-9448-1dacc90088be,0,Let it rest after cooking. Use olive oil for an authentic taste.
0138d932-4ddd-498d-8c4d-4d66a6f368ce,Chinese Salad,Chinese style mind salad.,file:///data/user/0/host.exp.exponent/cache/ExperienceData/%2540anonymous/82b0b334-9ef1-4399-9f62-b4ad88be1a06,1 person,https://youtu.be/bfaIcRyI?si=qLZaNWZs,45 minutes,"pepper, cinnamon, sugar, cheese, flour, garlic",0ff3689f-4f16-4da3-a925-921f82bb1ad4,0,Use fresh ingredients for better flavor. Sesame oil can add a great flavor to stir-fries.
65f48921-bb6e-4b56-851b-f910a458afb4,American Snack,American style air snack.,file:///data/user/0/host.exp.exponent/cache/ExperienceData/%2540anonymous/b0ab9f01-dbab-4a33-9f49-7bc4636094cf,6 people,https://youtu.be/UhONZCUC?si=graUzxwS,1 hour,"beef, butter, chicken, onion, cheese, pepper",6e575884-9ea9-4b6a-a63d-6c8855fbc10f,0,Always taste as you go. Do not overmix when making muffins.
c4e4991f-7848-4255-8197-5c17b65137b5,Chinese Main Course,Chinese style result main course.,file:///data/user/0/host.exp.exponent/cache/ExperienceData/%2540anonymous/549c1e26-117b-4e68-ba3f-02b56d03db69,1 person,https://youtu.be/crJhjMwq?si=bOFQPDZI,45 minutes,"milk, chicken, cinnamon, basil, onion, butter",8dbb28c7-42eb-41dc-8859-bab0345deb8c,0,Use fresh ingredients for better flavor. Sesame oil can add a great flavor to stir-fries.
3441d95b-2b9e-47b4-9d6d-104f80d9d925,Mexican Soup,Mexican style street soup.,file:///data/user/0/host.exp.exponent/cache/ExperienceData/%2540anonymous/eb0d1673-8375-4d0d-9562-c094d2f3f689,1 person,https://youtu.be/sAIZpkgI?si=OpkRVLGF,30 minutes,"garlic, basil, flour, cinnamon, sugar, pork",65a381d3-fb69-4434-9b78-0cf66bcac5fb,0,Use fresh ingredients for better flavor. Fresh lime will enhance the flavors.
2ed089eb-03c4-4dce-8d27-22617a9a6680,Chinese Dessert,Chinese style task dessert.,file:///data/user/0/host.exp.exponent/cache/ExperienceData/%2540anonymous/b4ee65ae-272d-42ec-a596-88c6934815a3,4 people,https://youtu.be/yYQFsJFR?si=KOsYiBeF,1 hour,"cheese, pork, tomato",2bcf559a-3c22-4cb9-850e-748d5c922809,0,Make sure to season well. Sesame oil can add a great flavor to stir-fries.
76ebff2b-9bea-4479-a520-3ebee82d1671,Chinese Snack,Chinese style want snack.,file:///data/user/0/host.exp.exponent/cache/ExperienceData/%2540anonymous/d9ffde0f-fa98-4388-9e31-6307881a0077,1 person,https://youtu.be/WZyAqQXL?si=uonBDpUB,45 minutes,"pork, chicken, garlic, butter, onion, basil",f0ea7a52-828b-4e59-98ac-4e37cc0a2264,0,Use fresh ingredients for better flavor. Sesame oil can add a great flavor to stir-fries.
2d14eb9c-51dd-4d62-83ed-a0c897843b9c,Mexican Main Course,Mexican style once main course.,file:///data/user/0/host.exp.exponent/cache/ExperienceData/%2540anonymous/a2bec04d-41ca-4149-8ad6-38e1748558d5,1 person,https://youtu.be/imniIXwo?si=dLJdQrpV,1 hour,"beef, egg, cinnamon, tomato, sugar",255df885-86c8-4916-adee-4cbb152850b4,0,Always taste as you go. Fresh lime will enhance the flavors.
42dc72dd-0115-46b7-9521-a8ac81bc3b33,Mexican Soup,Mexican style answer soup.,file:///data/user/0/host.exp.exponent/cache/ExperienceData/%2540anonymous/52eef787-c89c-486e-9cc2-17f196fa2c14,1 person,https://youtu.be/QBhrjguL?si=nlizExSl,45 minutes,"cinnamon, cheese, beef, pepper, milk",d68d8c4d-d4ea-4900-b77d-f7d595267597,0,Use fresh ingredients for better flavor. Fresh lime will enhance the flavors.
944b7a74-be5d-4d06-a2dd-380729d0674f,Mexican Dessert,Mexican style never dessert.,file:///data/user/0/host.exp.exponent/cache/ExperienceData/%2540anonymous/cf416519-f332-409f-8150-4b374159d8a4,4 people,https://youtu.be/ogSgGmPN?si=dCEQtLBj,1 hour,"beef, onion, garlic",b78ca3c6-e205-451e-aa75-40783fc00fdc,0,Let it rest after cooking. Fresh lime will enhance the flavors.
69b67287-7962-4173-9292-e870d91ee5cf,Indian Salad,Indian style operation salad.,file:///data/user/0/host.exp.exponent/cache/ExperienceData/%2540anonymous/81f9948d-e125-4ade-9a6e-0ec4b7db09d6,2 people,https://youtu.be/QJmYtapW?si=oICBryrh,30 minutes,"flour, beef, onion, sugar",d8aaf060-f3f7-4cfa-be8f-283a1685ab75,0,Always taste as you go. Adjust the amount of spices if you prefer less heat.
48638b5a-44f0-4428-a699-b271455b4fc5,Chinese Salad,Chinese style weight salad.,file:///data/user/0/host.exp.exponent/cache/ExperienceData/%2540anonymous/972ddcf3-fcdb-4b10-856e-f36eefa0a75f,6 people,https://youtu.be/YxAfRXqi?si=TXLZNNhI,45 minutes,"pork, sugar, cheese, pepper, beef, butter",66229ae3-c366-4044-a971-9154a54bdb1a,0,Let it rest after cooking. Sesame oil can add a great flavor to stir-fries.
f55ad613-3aee-4095-a42a-678d87ab622e,Chinese Salad,Chinese style page salad.,file:///data/user/0/host.exp.exponent/cache/ExperienceData/%2540anonymous/ce7af370-d15b-49cd-b8a8-23c879ab97a0,1 person,https://youtu.be/vaJvqacA?si=lbjMkAma,30 minutes,"butter, basil, cheese, onion",03687230-7699-4827-9249-3210abbc0c71,0,Let it rest after cooking. Sesame oil can add a great flavor to stir-fries.
ec4b246e-4a36-4400-94de-c7d6a93c6a52,Indian Main Course,Indian style forward main course.,file:///data/user/0/host.exp.exponent/cache/ExperienceData/%2540anonymous/a7745cd3-1183-4558-a645-87cbf6c28b40,4 people,https://youtu.be/dhDAZgyY?si=oiedmBpC,1 hour,"beef, cinnamon, cheese, pepper",132832b6-fe68-4346-8ab5-6c8fadab990a,0,Make sure to season well. Adjust the amount of spices if you prefer less heat.
cdadaba1-3034-45f9-9cd0-9572de9f8c22,Chinese Snack,Chinese style white snack.,file:///data/user/0/host.exp.exponent/cache/ExperienceData/%2540anonymous/62821738-15ce-44cb-b05c-2e28f36426fd,6 people,https://youtu.be/XavzxBpx?si=QBvotyuI,2 hours,"chicken, butter, cinnamon, cheese, onion, beef",47004a3b-1791-4a54-aa43-d8c2bf7e6c49,0,Make sure to season well. Sesame oil can add a great flavor to stir-fries.
ef7c76cb-770e-472b-a8a2-472e0cc0445e,Indian Main Course,Indian style couple main course.,file:///data/user/0/host.exp.exponent/cache/ExperienceData/%2540anonymous/d6449d78-dbff-403f-9190-6f97a5a0b4d9,2 people,https://youtu.be/AQPXStiQ?si=FAMgLeOv,45 minutes,"garlic, chicken, cinnamon, egg",13f1f63a-6801-4074-817b-0acec41e58d1,0,Use fresh ingredients for better flavor. Adjust the amount of spices if you prefer less heat.
2e294a76-3ef7-495d-9d27-f726a746a343,Indian Main Course,Indian style director main course.,file:///data/user/0/host.exp.exponent/cache/ExperienceData/%2540anonymous/ae688975-766f-4393-ae31-7730cf545cdf,2 people,https://youtu.be/WHqHyoiW?si=IbZgYEOv,2 hours,"cheese, beef, onion, egg, cinnamon, pork",395d8836-77bf-45e2-b018-19e2a32f129c,0,Use fresh ingredients for better flavor. Adjust the amount of spices if you prefer less heat.
e8fe9fbe-0e38-46aa-a42b-1f27bb75a9ff,American Salad,American style energy salad.,file:///data/user/0/host.exp.exponent/cache/ExperienceData/%2540anonymous/ef742f3c-ff1d-48ae-b7ef-82c85007381c,6 people,https://youtu.be/liHicaul?si=mqEsaiyi,1 hour,"flour, garlic, cinnamon",9f8bdb0e-7961-4107-9e3a-dba104d2c653,0,Always taste as you go. Do not overmix when making muffins.
7ddfa0d1-71dd-46b7-9b6a-1694bb65a2ec,Mexican Salad,Mexican style recently salad.,file:///data/user/0/host.exp.exponent/cache/ExperienceData/%2540anonymous/2c769ad2-6307-44e9-9537-eb856fed8729,4 people,https://youtu.be/YrKfOzoC?si=UJcIWxnn,1 hour,"garlic, beef, tomato, sugar",9ee12889-0d79-4690-8e0b-73b7ca85df60,0,Always taste as you go. Fresh lime will enhance the flavors.
a06f45a5-b016-4416-b23a-ac1aa51c863b,American Soup,American style late soup.,file:///data/user/0/host.exp.exponent/cache/ExperienceData/%2540anonymous/2a87a6f1-d976-43dc-9e60-0d6a65f5f605,6 people,https://youtu.be/rXAWWOxJ?si=UhdBIwuT,45 minutes,"sugar, egg, tomato, beef, butter",fb9f24e7-f37f-4dc6-b5a6-02ac08a699a4,0,Use fresh ingredients for better flavor. Do not overmix when making muffins.
26450154-6509-4522-bf78-81b397d9f776,Mexican Dessert,Mexican style it dessert.,file:///data/user/0/host.exp.exponent/cache/ExperienceData/%2540anonymous/7033cba6-cd32-465b-ae0e-7c8aceb5a90c,4 people,https://youtu.be/RDYqtMsW?si=apEBLXlO,45 minutes,"pepper, basil, cheese, garlic",9c4bbc76-4e66-4c1e-a6e8-12c0aeca1efe,0,Make sure to season well. Fresh lime will enhance the flavors.
90843b5b-619c-4e05-b8e7-4bea0147d050,Indian Dessert,Indian style their dessert.,file:///data/user/0/host.exp.exponent/cache/ExperienceData/%2540anonymous/d79822ac-96cb-41bb-a543-3db4a8c89c82,1 person,https://youtu.be/VhjWWhJj?si=ujQdMgSm,1 hour,"chicken, basil, egg, pork",9b788099-5481-4cef-8ac4-90786004240e,0,Use fresh ingredients for better flavor. Adjust the amount of spices if you prefer less heat.
5fc68df2-394e-48d9-98a1-08be6aa341e3,Mexican Soup,Mexican style state soup.,file:///data/user/0/host.exp.exponent/cache/ExperienceData/%2540anonymous/339300a7-0e22-4139-9309-df847a309994,6 people,https://youtu.be/izbBnrDF?si=eYFrgioo,2 hours,"cheese, garlic, basil, pepper",28693e1d-9650-4680-ac8b-da546c3529b7,0,Let it rest after cooking. Fresh lime will enhance the flavors.
c3adef19-111b-40a3-9a40-3b1aedefedb1,Indian Salad,Indian style run salad.,file:///data/user/0/host.exp.exponent/cache/ExperienceData/%2540anonymous/6a377cfa-1598-4e82-bf79-2badebc7ad33,4 people,https://youtu.be/dpBrYRKv?si=kynlvlIN,1 hour,"basil, garlic, butter, chicken",1a85ee5a-e96e-4b86-be70-96418e6fbe16,0,Always taste as you go. Adjust the amount of spices if you prefer less heat.
36679c7c-d1b2-4cdf-a900-fa6ac1e65636,American Snack,American style reveal snack.,file:///data/user/0/host.exp.exponent/cache/ExperienceData/%2540anonymous/344f58cc-77e5-4b04-a009-c67761ce7595,4 people,https://youtu.be/yJjVNPMh?si=qXAqkBRe,2 hours,"sugar, egg, butter",e9427ab4-a0b6-40b3-8cd9-050881ae38c8,0,Always taste as you go. Do not overmix when making muffins.
9c87ffcb-d1bb-4011-9459-de1ee5488382,Indian Salad,Indian style be salad.,file:///data/user/0/host.exp.exponent/cache/ExperienceData/%2540anonymous/e29934de-ff77-4efc-a772-90cc907ed306,4 people,https://youtu.be/bjnxGBDg?si=beedvOTu,2 hours,"onion, cinnamon, egg, flour, sugar",53ad6931-fe3e-43df-bc75-e2841b6138c0,0,Let it rest after cooking. Adjust the amount of spices if you prefer less heat.
32ec879d-6be8-4935-9b1d-580b3f4d55a1,Mexican Snack,Mexican style lose snack.,file:///data/user/0/host.exp.exponent/cache/ExperienceData/%2540anonymous/5e96caf3-b8c0-4240-a70e-23fc72e61f6a,2 people,https://youtu.be/YuBPkrcO?si=mxVTwlXc,1 hour,"butter, egg, sugar, cheese, flour, tomato",9417a69d-f254-416e-8908-7b98ea09b4a4,0,Make sure to season well. Fresh lime will enhance the flavors.
fd42fcba-4413-4af7-9ba0-6f0dc1cc6c17,Mexican Dessert,Mexican style investment dessert.,file:///data/user/0/host.exp.exponent/cache/ExperienceData/%2540anonymous/5269f04e-0eeb-4c4f-90f3-aeedbfcecf41,4 people,https://youtu.be/YvXGjuNE?si=XxSqpNPy,1 hour,"beef, tomato, butter, cheese, egg, milk",75d77dfd-8a15-4bc2-a34c-625a0497bd7c,0,Make sure to season well. Fresh lime will enhance the flavors.
35fc3439-4315-43b6-a5cc-70a719de97a7,American Salad,American style every salad.,file:///data/user/0/host.exp.exponent/cache/ExperienceData/%2540anonymous/2e108ed4-77c2-4f31-a944-edb7b408ddb5,2 people,https://youtu.be/OlIKGdwb?si=BpoWYLCh,2 hours,"tomato, beef, pork, sugar, cheese",baf449d3-ecfb-4ff0-bda2-e4a86eb75161,0,Let it rest after cooking. Do not overmix when making muffins.
aa5ca144-690d-45ab-9787-45d596750dd3,Mexican Main Course,Mexican style election main course.,file:///data/user/0/host.exp.exponent/cache/ExperienceData/%2540anonymous/16d4fe84-185d-49c4-834e-9c0c3980c61f,4 people,https://youtu.be/hMFWItZI?si=GAEHOyby,2 hours,"beef, flour, pork, butter, onion",c1aa1a63-b3a5-43b8-a749-a14f9a67d058,0,Use fresh ingredients for better flavor. Fresh lime will enhance the flavors.
b21704f0-1199-4467-a91e-90e99094956d,Italian Soup,Italian style represent soup.,file:///data/user/0/host.exp.exponent/cache/ExperienceData/%2540anonymous/81b8e25d-efb3-453a-af5b-b925ec24d7ec,2 people,https://youtu.be/DvbWLZdx?si=dpdmFQUV,1 hour,"garlic, pepper, onion, chicken, butter, sugar",313270f8-f298-4d3b-a426-1f085e0ce895,0,Make sure to season well. Use olive oil for an authentic taste.
fc3c72ad-94d9-4a4a-aac9-3badb3832302,American Dessert,American style west dessert.,file:///data/user/0/host.exp.exponent/cache/ExperienceData/%2540anonymous/dd1eb69f-85b8-4b98-8e89-b1b704cf0782,4 people,https://youtu.be/RxirWFzt?si=NejtVbeA,1 hour,"pepper, cinnamon, egg, butter, basil",e3f72ebf-e723-4229-80f7-eb390d984ba5,0,Use fresh ingredients for better flavor. Do not overmix when making muffins.
0dcc441a-2c85-476a-818d-dacec233f0c1,Indian Dessert,Indian style social dessert.,file:///data/user/0/host.exp.exponent/cache/ExperienceData/%2540anonymous/91e76dc6-90d1-48ad-8c1b-e1801d6fe02c,6 people,https://youtu.be/ZoRxotMk?si=aPWbEOoE,2 hours,"butter, sugar, onion, tomato",3807890f-d494-4b31-bf86-979eb9a1a221,0,Use fresh ingredients for better flavor. Adjust the amount of spices if you prefer less heat.
ee662dae-1163-49c0-8653-3ded224a9c32,Indian Salad,Indian style test salad.,file:///data/user/0/host.exp.exponent/cache/ExperienceData/%2540anonymous/635f9646-a7ae-4bec-904b-21b82ae63d33,4 people,https://youtu.be/SKhTbqjV?si=dKFdeFlV,1 hour,"milk, sugar, chicken, basil",4710ed27-53c4-40d4-b3a1-70bfef66662e,0,Let it rest after cooking. Adjust the amount of spices if you prefer less heat.
4be63e72-c5e6-4dad-871b-77f964f77b11,Chinese Soup,Chinese style high soup.,file:///data/user/0/host.exp.exponent/cache/ExperienceData/%2540anonymous/28f95bee-e003-40b5-b420-37a8cabb5090,6 people,https://youtu.be/BvjoAMAo?si=DpTIvXAx,1 hour,"cinnamon, pork, milk, butter, sugar, cheese",5fbfacb8-e121-4378-856f-7ade5f3aa04c,0,Use fresh ingredients for better flavor. Sesame oil can add a great flavor to stir-fries.
73166437-0fa6-449e-aa2a-09d7dcc6332d,Mexican Main Course,Mexican style response main course.,file:///data/user/0/host.exp.exponent/cache/ExperienceData/%2540anonymous/3f3668c7-8e23-4b36-b2eb-bfe7fa708712,1 person,https://youtu.be/lQVokzce?si=ikOqVYtZ,30 minutes,"basil, milk, pepper",1b293a16-fb62-48ff-965e-3fce6e1818ee,0,Make sure to season well. Fresh lime will enhance the flavors.
20f84b79-4ca0-4f54-a90c-db5728f6398a,Indian Main Course,Indian style big main course.,file:///data/user/0/host.exp.exponent/cache/ExperienceData/%2540anonymous/c7aec43f-56e1-412c-b23f-0de055fe2859,4 people,https://youtu.be/thFEuOYm?si=QfiHnCaL,2 hours,"cheese, garlic, flour, tomato",b5134148-6c58-44ef-9d58-ce370c0bc7b4,0,Use fresh ingredients for better flavor. Adjust the amount of spices if you prefer less heat.
259b92c7-99a2-41a1-a281-10b6ec3a443d,Mexican Salad,Mexican style fast salad.,file:///data/user/0/host.exp.exponent/cache/ExperienceData/%2540anonymous/8738ca90-1fd3-44ce-b28c-738c4318b5c4,1 person,https://youtu.be/rlCQkmCk?si=hbBhDaRv,30 minutes,"onion, beef, milk",64cb7cb3-298b-4981-99a2-b68047bb3790,0,Let it rest after cooking. Fresh lime will enhance the flavors.
23794866-8cda-4b1f-bdf4-a8c51bb598d1,Mexican Salad,Mexican style true salad.,file:///data/user/0/host.exp.exponent/cache/ExperienceData/%2540anonymous/bba3b3c3-0ea7-4687-beba-75dd1b52265d,4 people,https://youtu.be/BHFsixhS?si=vWYbzIIp,45 minutes,"beef, milk, tomato, pork",484ac8e6-9932-4323-9b20-bc6d96e788c4,0,Let it rest after cooking. Fresh lime will enhance the flavors.
9fc8af78-cf43-4552-ba29-9fe1230fdda8,Chinese Salad,Chinese style determine salad.,file:///data/user/0/host.exp.exponent/cache/ExperienceData/%2540anonymous/eba91ddd-864d-4282-91f2-6b8a4a8418ba,4 people,https://youtu.be/FIpErDrX?si=lIpzgFoR,1 hour,"chicken, beef, pork, tomato, garlic",b7dd2bec-f7fe-4915-ad65-c52edce3abd1,0,Let it rest after cooking. Sesame oil can add a great flavor to stir-fries.
5af5c9e3-afca-4276-9eb6-231c4c3c869c,Italian Snack,Italian style eye snack.,file:///data/user/0/host.exp.exponent/cache/ExperienceData/%2540anonymous/dd911499-fe80-4900-9efe-e2e764bfb903,1 person,https://youtu.be/xZOjFSOo?si=ZyCEfiZq,2 hours,"chicken, cinnamon, beef, cheese",4a33ed25-d315-4dd6-94d7-345df3dfe730,0,Use fresh ingredients for better flavor. Use olive oil for an authentic taste.
9b6adee1-834a-4105-8795-012abbe50380,Indian Salad,Indian style improve salad.,file:///data/user/0/host.exp.exponent/cache/ExperienceData/%2540anonymous/8f7952e2-6eeb-4576-98da-3d32bd28aba3,4 people,https://youtu.be/RtLFeKAa?si=XZVJOTHm,30 minutes,"tomato, chicken, cheese, pepper",f370fd18-77a4-480a-9891-a307013888ad,0,Make sure to season well. Adjust the amount of spices if you prefer less heat.
8a9f292c-bc26-4005-8103-627516d46ff3,Italian Dessert,Italian style air dessert.,file:///data/user/0/host.exp.exponent/cache/ExperienceData/%2540anonymous/0a8c9993-e518-4ef1-ba12-045ecbf83b87,2 people,https://youtu.be/exvWeoZr?si=rhYKmrEF,2 hours,"pork, cheese, flour, egg",73e56944-9bda-460d-9a5a-1d7f71407774,0,Use fresh ingredients for better flavor. Use olive oil for an authentic taste.
b3d57ea9-3af9-413b-a845-f28b9ba59c39,Indian Snack,Indian style billion snack.,file:///data/user/0/host.exp.exponent/cache/ExperienceData/%2540anonymous/cd5edbec-87d3-4e24-ace0-b041fc58c495,4 people,https://youtu.be/iJNCmqzn?si=KBatkOlu,30 minutes,"chicken, onion, cinnamon, cheese, tomato",e763b096-5092-4ec5-a930-c860084770e4,0,Use fresh ingredients for better flavor. Adjust the amount of spices if you prefer less heat.
54d14b1d-4b9c-4e14-a9e0-2499a86bd396,Indian Snack,Indian style less snack.,file:///data/user/0/host.exp.exponent/cache/ExperienceData/%2540anonymous/fbd87b1c-9bee-4238-b069-b240b8c76d29,4 people,https://youtu.be/lngxVtEB?si=TIizYxhV,30 minutes,"butter, pork, basil, pepper, cinnamon",be76bd98-72cf-4707-ba12-fd006c6ef19f,0,Always taste as you go. Adjust the amount of spices if you prefer less heat.
0a3bbe0d-bb91-47fd-a62d-f19b441f8e44,Italian Dessert,Italian style may dessert.,file:///data/user/0/host.exp.exponent/cache/ExperienceData/%2540anonymous/bcf092b5-a429-4fca-96e7-048a541b52d0,2 people,https://youtu.be/WSpaTXLq?si=ZoPexgwr,45 minutes,"sugar, egg, pork, flour, cinnamon, garlic",0fcd6fa9-a9a9-4dd8-9629-fca63f10385f,0,Always taste as you go. Use olive oil for an authentic taste.
3a4deeb3-126b-49e8-8509-e822762775b7,Indian Dessert,Indian style provide dessert.,file:///data/user/0/host.exp.exponent/cache/ExperienceData/%2540anonymous/7c73c3ee-80d5-45ba-9267-bc1458857205,2 people,https://youtu.be/LfmpbdTA?si=zApSsClW,45 minutes,"butter, flour, basil, egg, pork, onion",b986cdd7-378d-4f78-bcf5-9bc871755cad,0,Use fresh ingredients for better flavor. Adjust the amount of spices if you prefer less heat.
54299f66-4bc8-4494-903d-cf8c76afe8c3,Mexican Soup,Mexican style difficult soup.,file:///data/user/0/host.exp.exponent/cache/ExperienceData/%2540anonymous/8c48f149-83c0-42d5-9ad6-21a2179caec6,4 people,https://youtu.be/bRYGDLEt?si=eHTElBsy,45 minutes,"sugar, onion, beef, flour, pork",e59c91b9-cbb8-4c93-8b8f-423434a17fdc,0,Use fresh ingredients for better flavor. Fresh lime will enhance the flavors.
38b27687-3d8f-4275-a20a-f1905cc62112,Italian Dessert,Italian style enjoy dessert.,file:///data/user/0/host.exp.exponent/cache/ExperienceData/%2540anonymous/2a5c18f6-704f-4409-90a2-81858aa3df4d,2 people,https://youtu.be/QwZkuKJz?si=fIWXhQXw,2 hours,"chicken, flour, pepper, cheese, sugar, pork",4f9deba9-cb40-41ec-af0e-97da9a249b9a,0,Use fresh ingredients for better flavor. Use olive oil for an authentic taste.
8bc5e0bd-e22c-4224-a7df-981eba81e7c0,Indian Salad,Indian style enjoy salad.,file:///data/user/0/host.exp.exponent/cache/ExperienceData/%2540anonymous/b4ae6793-f589-470b-9645-34b169a7b7cc,4 people,https://youtu.be/LGTTNFco?si=xYjGOOPu,30 minutes,"basil, beef, cinnamon, tomato, milk",643480f5-210e-49fb-af34-1eb809815b9a,0,Make sure to season well. Adjust the amount of spices if you prefer less heat.
7be65180-8bfe-4667-af41-bcaaca5bedb5,Chinese Main Course,Chinese style machine main course.,file:///data/user/0/host.exp.exponent/cache/ExperienceData/%2540anonymous/b7663228-ea0d-4725-8dea-e41f0ca29d26,2 people,https://youtu.be/YZhSXlis?si=LPEbhEsM,2 hours,"butter, sugar, chicken, basil, beef",fbb6a200-7c30-4b0a-9df9-ba2d098dd0d9,0,Let it rest after cooking. Sesame oil can add a great flavor to stir-fries.
08f2c99e-163b-4b74-8b4b-d2df855251b7,Mexican Dessert,Mexican style decade dessert.,file:///data/user/0/host.exp.exponent/cache/ExperienceData/%2540anonymous/e3ed80f0-0006-4892-a6df-c3e004f18f38,2 people,https://youtu.be/GMHbyBzm?si=SnLPULXi,1 hour,"milk, pepper, cinnamon",86897d16-24aa-4db8-8eb0-99bdc4bc0cb5,0,Use fresh ingredients for better flavor. Fresh lime will enhance the flavors.
7131fb89-ba08-429a-b82d-84aceee7174f,Indian Dessert,Indian style section dessert.,file:///data/user/0/host.exp.exponent/cache/ExperienceData/%2540anonymous/fec5c47c-70ed-4a72-9c7f-da8b490c01bb,4 people,https://youtu.be/jKiMagdl?si=LEiSdWoz,30 minutes,"chicken, basil, cinnamon, pork, sugar",3a24b083-3a9f-487c-a972-a17701e219ee,0,Always taste as you go. Adjust the amount of spices if you prefer less heat.
296185b2-34d9-45a7-a27c-863a90af03fe,Mexican Salad,Mexican style task salad.,file:///data/user/0/host.exp.exponent/cache/ExperienceData/%2540anonymous/f8a3e163-b568-4164-b487-e4942f3f2f37,2 people,https://youtu.be/hiYQeMuP?si=UxbtfELp,45 minutes,"tomato, pepper, flour, egg, cheese, milk",9474c4d0-52ba-4524-a59a-74e21cd543b3,0,Use fresh ingredients for better flavor. Fresh lime will enhance the flavors.
fcc6fa04-bf70-4a70-9281-16569bce512d,Italian Snack,Italian style ever snack.,file:///data/user/0/host.exp.exponent/cache/ExperienceData/%2540anonymous/2053ce70-1390-41c7-a628-9213c5999d75,2 people,https://youtu.be/MmOfnSXr?si=gRgKWbLH,30 minutes,"chicken, onion, egg",c280b9be-6172-45ce-b672-95b0174fd6c4,0,Make sure to season well. Use olive oil for an authentic taste.
b20aff8a-55cd-4a33-b195-53aadfab1832,Mexican Dessert,Mexican style million dessert.,file:///data/user/0/host.exp.exponent/cache/ExperienceData/%2540anonymous/5a794de5-8c75-4500-a477-316ac7a11be1,4 people,https://youtu.be/jCbUAgyJ?si=JVXODJbf,45 minutes,"tomato, beef, basil",82e29c59-776c-46a4-8e42-cabaa73b8576,0,Let it rest after cooking. Fresh lime will enhance the flavors.
ec7224d9-64a6-4c6f-8314-8e9df24c98dc,Italian Dessert,Italian style analysis dessert.,file:///data/user/0/host.exp.exponent/cache/ExperienceData/%2540anonymous/aa0b51e5-26bc-41ea-bc2d-0dd841067840,4 people,https://youtu.be/HQqRtJAm?si=bwLIYCuE,2 hours,"pepper, beef, pork",32fbc022-6788-4621-bbac-fa5470c16d00,0,Make sure to season well. Use olive oil for an authentic taste.
5761fdea-bf61-4b21-a3a0-6f9ad86b8768,Italian Main Course,Italian style above main course.,file:///data/user/0/host.exp.exponent/cache/ExperienceData/%2540anonymous/8c0af6c7-7cd7-464f-8b8d-f5028367c06b,1 person,https://youtu.be/naVDjVfb?si=mhLZKGBC,45 minutes,"flour, garlic, chicken, butter",440cd318-b5f0-4340-950d-e1b8956142cb,0,Use fresh ingredients for better flavor. Use olive oil for an authentic taste.
b84ccd33-13d7-4ffd-9e12-79c01c9332c9,Italian Main Course,Italian style development main course.,file:///data/user/0/host.exp.exponent/cache/ExperienceData/%2540anonymous/2292974e-a125-40cc-979a-f835fab6bfd2,2 people,https://youtu.be/qqdcutZY?si=HgDlqRva,2 hours,"egg, cinnamon, basil",60650c39-84fe-4431-b828-0e82e806f67c,0,Let it rest after cooking. Use olive oil for an authentic taste.
291e0376-217e-4436-b268-6655439221ce,Indian Snack,Indian style top snack.,file:///data/user/0/host.exp.exponent/cache/ExperienceData/%2540anonymous/6455b71f-8f0e-4991-ba1d-75422e6455de,4 people,https://youtu.be/pnxmCJnq?si=WpsEIWHU,1 hour,"beef, chicken, sugar",f5d70277-46d4-49d5-9e5c-ca5c4d30cf9b,0,Let it rest after cooking. Adjust the amount of spices if you prefer less heat.
7a39219f-c569-446d-a8a3-44e4d2a53ed7,Mexican Snack,Mexican style kid snack.,file:///data/user/0/host.exp.exponent/cache/ExperienceData/%2540anonymous/1f15e084-a51c-4741-b6a1-4ab86c95e4b9,2 people,https://youtu.be/rtMqbCVx?si=MjmzMICI,2 hours,"flour, milk, egg",34b9804c-5d3b-499f-a342-4209b1b65f12,0,Use fresh ingredients for better flavor. Fresh lime will enhance the flavors.
495af64a-f109-403a-9a80-9766ae95edee,Chinese Main Course,Chinese style seem main course.,file:///data/user/0/host.exp.exponent/cache/ExperienceData/%2540anonymous/3d8611cc-f849-47be-897e-d478c93f238a,4 people,https://youtu.be/UpBCBvsn?si=oJkaKodf,1 hour,"milk, cinnamon, egg, pork, flour",6e17ea45-3019-4c5f-9c5a-9a089581097f,0,Make sure to season well. Sesame oil can add a great flavor to stir-fries.
30c34a8f-9da6-44d2-9b73-8a46bcbe9bd5,American Soup,American style a soup.,file:///data/user/0/host.exp.exponent/cache/ExperienceData/%2540anonymous/3ed05d20-a2ea-4513-a11c-dbb272eb7e74,4 people,https://youtu.be/ahFpiJwW?si=HtpQLwXY,1 hour,"pepper, basil, egg, garlic, sugar",be73eb13-1d98-417c-b11a-f8718ac80e75,0,Use fresh ingredients for better flavor. Do not overmix when making muffins.
2022373b-a1ac-49db-9616-72670af019d4,Italian Soup,Italian style think soup.,file:///data/user/0/host.exp.exponent/cache/ExperienceData/%2540anonymous/7e32a896-d2ac-4a9c-8545-55b1eaf90543,6 people,https://youtu.be/bYsSFQCK?si=RGEXCcKa,1 hour,"tomato, butter, milk, pepper, cheese",d7d24c02-ead0-4def-bfa5-d4b70e84cc1f,0,Let it rest after cooking. Use olive oil for an authentic taste.
0625ff38-56f5-420e-a0fd-99597e243dc4,Mexican Main Course,Mexican style fire main course.,file:///data/user/0/host.exp.exponent/cache/ExperienceData/%2540anonymous/ce3b2da1-bb69-4199-bd63-3f2d5fa8b0ed,6 people,https://youtu.be/umgxPYld?si=IErzPoKQ,45 minutes,"flour, milk, garlic, cinnamon",6941cf06-3612-4530-86d1-bd0c852d8aa9,0,Let it rest after cooking. Fresh lime will enhance the flavors.
cdcb26bd-ff41-4ce6-ae1c-d5aa21d68eba,Italian Salad,Italian style career salad.,file:///data/user/0/host.exp.exponent/cache/ExperienceData/%2540anonymous/99df0ce7-eae4-4dc7-b2d0-aff24c5fc13d,2 people,https://youtu.be/kMULqYOs?si=JDGCTeRt,1 hour,"flour, egg, pork",35a06a12-c282-4119-aac8-790212b8d27e,0,Always taste as you go. Use olive oil for an authentic taste.
20d3b994-7af2-4898-bb20-a2f1375d2bff,Mexican Dessert,Mexican style conference dessert.,file:///data/user/0/host.exp.exponent/cache/ExperienceData/%2540anonymous/eed2f7a9-3e09-4bfd-8684-a8f8bac90cd4,2 people,https://youtu.be/ajWMBnDV?si=FxXVowiV,2 hours,"butter, sugar, egg, tomato",4b788543-fd45-435b-a06c-65f1af554f3e,0,Use fresh ingredients for better flavor. Fresh lime will enhance the flavors.
124a16e5-6574-4a86-a603-d7f5c3abe938,American Salad,American style concern salad.,file:///data/user/0/host.exp.exponent/cache/ExperienceData/%2540anonymous/b2569399-ea7b-4524-a051-8a2624c41f87,6 people,https://youtu.be/ZAXmFcge?si=kpsKXOJo,30 minutes,"milk, sugar, egg, pepper, chicken, tomato",d3b8092c-76f9-443b-826d-e8a45640b525,0,Let it rest after cooking. Do not overmix when making muffins.
43b95011-4158-4b8f-b8fc-624ab9b98292,Indian Salad,Indian style drive salad.,file:///data/user/0/host.exp.exponent/cache/ExperienceData/%2540anonymous/da2d185f-f792-4ef2-869d-591e6fbba174,2 people,https://youtu.be/lSUOkiDk?si=qJMvjopD,1 hour,"sugar, pork, onion, tomato",52c59946-c120-4ea6-84ee-d7d9eb218b76,0,Always taste as you go. Adjust the amount of spices if you prefer less heat.
cfcd32df-3ba7-4c13-a948-fb5548ceeb33,Mexican Snack,Mexican style buy snack.,file:///data/user/0/host.exp.exponent/cache/ExperienceData/%2540anonymous/5ef530b5-078c-4322-85ef-f48c4bd7105f,4 people,https://youtu.be/BXQJtLjU?si=oigADhCW,45 minutes,"pepper, milk, garlic, egg, onion, flour",fed124b0-f285-4691-875f-45b2157b9aea,0,Make sure to season well. Fresh lime will enhance the flavors.
87ee0ba4-7771-44ed-a888-e38a83fdece0,Chinese Salad,Chinese style new salad.,file:///data/user/0/host.exp.exponent/cache/ExperienceData/%2540anonymous/07ff171d-9f9f-4f55-84b7-0696bb27a7e9,1 person,https://youtu.be/ZkXIMXym?si=VEWWeKVD,1 hour,"milk, tomato, chicken, cinnamon",88e76edd-b7de-427c-9404-503ad25e02ab,0,Make sure to season well. Sesame oil can add a great flavor to stir-fries.
62ad9844-b3cb-4abb-8b18-4aea67cbb01b,Mexican Dessert,Mexican style purpose dessert.,file:///data/user/0/host.exp.exponent/cache/ExperienceData/%2540anonymous/13d10f55-fc7b-42cb-9cd2-2e0446d80065,4 people,https://youtu.be/EULSuihs?si=mVWGSbKw,1 hour,"cheese, butter, chicken",5cb65b62-b177-46ab-89cd-222506d4e51b,0,Always taste as you go. Fresh lime will enhance the flavors.
218a4d04-0452-4908-90bb-27d23b80a9c4,Chinese Dessert,Chinese style couple dessert.,file:///data/user/0/host.exp.exponent/cache/ExperienceData/%2540anonymous/d5200b18-190a-41a7-91a8-b17265a3f59b,4 people,https://youtu.be/tBENgBty?si=VedsEFpU,2 hours,"chicken, garlic, sugar, milk, basil, pork",8533b4e4-7dd2-42b8-8c81-f3ce8d3384c6,0,Always taste as you go. Sesame oil can add a great flavor to stir-fries.
63f1ae6f-bb6f-440e-8de4-44dd77ea5344,Indian Main Course,Indian style example main course.,file:///data/user/0/host.exp.exponent/cache/ExperienceData/%2540anonymous/7a4e1c58-913a-457b-a633-48663086d1f7,1 person,https://youtu.be/AXOGnQgw?si=SHqgEcKQ,30 minutes,"onion, egg, cinnamon, sugar, pork",90cd9f5f-b01a-4904-9e11-5a5c9955ad65,0,Make sure to season well. Adjust the amount of spices if you prefer less heat.
afeb1f25-64cc-4ddf-870d-8b58059f9a3a,Mexican Main Course,Mexican style third main course.,file:///data/user/0/host.exp.exponent/cache/ExperienceData/%2540anonymous/59cb7707-2a39-4e4a-8760-92e58c3bf44c,2 people,https://youtu.be/MnkpydKr?si=NXJumPbz,30 minutes,"onion, basil, flour",74ba4b8e-8493-47e7-9eee-9fdc90802b88,0,Always taste as you go. Fresh lime will enhance the flavors.
edc2102e-aa4f-49d6-834a-261dad3615a2,Mexican Snack,Mexican style technology snack.,file:///data/user/0/host.exp.exponent/cache/ExperienceData/%2540anonymous/09806c7f-b3fa-4af9-9daf-4a9c0fa97699,1 person,https://youtu.be/PPaMypxU?si=PKvTNVJL,30 minutes,"flour, onion, pepper, tomato, cheese, basil",0f54a019-62b3-43e6-a2d3-2da04a87085c,0,Use fresh ingredients for better flavor. Fresh lime will enhance the flavors.
17285737-f8b2-4a81-bbfc-85bbcc246e6c,Italian Main Course,Italian style move main course.,file:///data/user/0/host.exp.exponent/cache/ExperienceData/%2540anonymous/64597cf1-dcb0-4c69-bf71-47ed25ca3ac3,1 person,https://youtu.be/RvkNQSvL?si=jwyHsoDP,1 hour,"pork, tomato, cinnamon, butter, chicken, pepper",a68ffc51-73da-4552-9d29-770bb7ab2a66,0,Always taste as you go. Use olive oil for an authentic taste.
4279e932-00e1-49e3-954a-666187fac477,Italian Snack,Italian style however snack.,file:///data/user/0/host.exp.exponent/cache/ExperienceData/%2540anonymous/d75c0804-2601-4ff5-9f0d-b578d6e4b856,2 people,https://youtu.be/JsJVVonk?si=KfFrhgYY,30 minutes,"garlic, cheese, milk, basil, chicken, cinnamon",3908d9f4-f3c2-44f7-bea3-9289ca67c00e,0,Make sure to season well. Use olive oil for an authentic taste.
c95a3ec1-ac4b-4b8e-9934-373f14db6c13,Indian Dessert,Indian style subject dessert.,file:///data/user/0/host.exp.exponent/cache/ExperienceData/%2540anonymous/bb2d7435-0f7f-4a4a-90b3-f7f6db3ad6c8,4 people,https://youtu.be/ccxOaVwi?si=hMYEflUd,45 minutes,"egg, garlic, beef, basil, cinnamon, sugar",ff219ecd-ba68-460c-807b-a7036fd31c38,0,Let it rest after cooking. Adjust the amount of spices if you prefer less heat.
6f508ca3-15a9-42eb-8322-e55009c38ace,American Salad,American style pull salad.,file:///data/user/0/host.exp.exponent/cache/ExperienceData/%2540anonymous/9535f44c-f249-4f26-9a38-b3a5d3158283,1 person,https://youtu.be/xwWAGnZm?si=yWPcmBsv,45 minutes,"pepper, butter, egg, onion",d8fd8394-7b1a-4399-a643-742e36bca8b0,0,Always taste as you go. Do not overmix when making muffins.
6f896d76-35ea-47da-84eb-11a2f61842b0,Italian Salad,Italian style fill salad.,file:///data/user/0/host.exp.exponent/cache/ExperienceData/%2540anonymous/0b026390-6bb2-4477-84e1-bbd30b4e7727,4 people,https://youtu.be/hTLmsjBZ?si=evwbAIyp,45 minutes,"chicken, butter, cinnamon, milk",e9d7e8b4-2933-4205-a97c-f4cb6bbcbc88,0,Use fresh ingredients for better flavor. Use olive oil for an authentic taste.
8904b6e1-c3eb-4941-8ca4-bda5d0380cf1,Indian Dessert,Indian style operation dessert.,file:///data/user/0/host.exp.exponent/cache/ExperienceData/%2540anonymous/bb94fa6c-781b-421f-ae5f-2637651c995b,4 people,https://youtu.be/NdJfkYwN?si=fWuOZcPH,2 hours,"onion, chicken, garlic, cheese, cinnamon, milk",1d490f73-029f-474a-a845-d6234694a0c5,0,Make sure to season well. Adjust the amount of spices if you prefer less heat.
22603636-d4dc-41d5-b9be-83095335723c,Italian Snack,Italian style white snack.,file:///data/user/0/host.exp.exponent/cache/ExperienceData/%2540anonymous/76de85ee-4b20-40eb-9a02-daef62a94c13,6 people,https://youtu.be/cvaaTBGF?si=FqwpDLFf,45 minutes,"basil, sugar, beef, flour, egg",ac448a90-ac58-49c3-b005-23e6c51dbafe,0,Make sure to season well. Use olive oil for an authentic taste.
24b1cea6-5de0-4b7b-b9c6-22adad1a1cdd,American Snack,American style call snack.,file:///data/user/0/host.exp.exponent/cache/ExperienceData/%2540anonymous/e4c136f0-0ca4-4477-b399-adbaa5c5b9b9,1 person,https://youtu.be/McsUcxWZ?si=FPatGPjq,30 minutes,"butter, pepper, cheese, beef",f73af07a-21b0-4787-acc9-016c1d66e5be,0,Let it rest after cooking. Do not overmix when making muffins.
57927dff-7c67-4cf0-96c9-de0b60cc6671,Mexican Dessert,Mexican style century dessert.,file:///data/user/0/host.exp.exponent/cache/ExperienceData/%2540anonymous/f719638a-3a79-4fde-9cd6-c9c589142b4a,1 person,https://youtu.be/OLEFOGmp?si=fmVArAXJ,30 minutes,"flour, milk, pork, egg",3c7c4bb5-ed1c-4843-b7b2-71520bc77e44,0,Let it rest after cooking. Fresh lime will enhance the flavors.
7cd1f4fd-ad8a-46e5-9eff-6df366d67a1f,Indian Salad,Indian style shoulder salad.,file:///data/user/0/host.exp.exponent/cache/ExperienceData/%2540anonymous/dc37047b-be08-437f-b02c-9fef347af0bb,2 people,https://youtu.be/BtLdnRNp?si=scuKPbdH,30 minutes,"egg, garlic, beef, milk",a2710998-90e1-4a9c-b28e-dbe114b2dadc,0,Let it rest after cooking. Adjust the amount of spices if you prefer less heat.
2f6c6abe-b2ef-4d75-902b-39485bd03fc0,Chinese Dessert,Chinese style growth dessert.,file:///data/user/0/host.exp.exponent/cache/ExperienceData/%2540anonymous/98b59860-49f4-458c-8a47-5714cf364b86,6 people,https://youtu.be/ZyehzOOG?si=aABoRjyI,2 hours,"egg, tomato, pepper, basil, milk, onion",0a3805f0-63bc-4bd1-ba14-b6b9ce7a8a17,0,Make sure to season well. Sesame oil can add a great flavor to stir-fries.
46829ef9-5f4b-40cd-8649-18a638f6b738,American Snack,American style able snack.,file:///data/user/0/host.exp.exponent/cache/ExperienceData/%2540anonymous/0f290f88-d293-4855-85d5-bf9515a90dcb,2 people,https://youtu.be/LZeXHZgx?si=eLyTPzNf,1 hour,"garlic, cheese, beef, milk, pork, basil",d2a4cc01-53c1-4113-8f36-26f6e9598516,0,Always taste as you go. Do not overmix when making muffins.
a51a9a10-1e3f-4d18-b229-8a711b00830c,Indian Salad,Indian style sound salad.,file:///data/user/0/host.exp.exponent/cache/ExperienceData/%2540anonymous/d5f6320f-8700-4cfe-be33-0d0457613f03,2 people,https://youtu.be/KRLqQgAm?si=CAyEbtRG,2 hours,"egg, flour, sugar, beef, onion, milk",1bacb35d-0a1e-4398-8c69-6825e092f012,0,Use fresh ingredients for better flavor. Adjust the amount of spices if you prefer less heat.
06b9b0db-df1e-4922-85d9-dafe3dd757f5,Mexican Snack,Mexican style determine snack.,file:///data/user/0/host.exp.exponent/cache/ExperienceData/%2540anonymous/c331e5e1-eb87-4380-85d2-3fca33871060,4 people,https://youtu.be/pzWuiWQE?si=EYEZholR,30 minutes,"chicken, flour, onion",7d5bdb3c-994b-4194-8406-393d8cda6a49,0,Always taste as you go. Fresh lime will enhance the flavors.
46afdea4-220c-433f-8243-ea4c3289d3c8,Chinese Snack,Chinese style line snack.,file:///data/user/0/host.exp.exponent/cache/ExperienceData/%2540anonymous/b6c1d74e-0837-4a9d-865d-1b726383974f,2 people,https://youtu.be/KKkMUxhq?si=ndBgahYU,2 hours,"chicken, butter, basil, pepper, cinnamon, tomato",8043d94b-9731-48f9-a954-6be78ae2a767,0,Always taste as you go. Sesame oil can add a great flavor to stir-fries.
ebcc20b7-c4ee-42f4-9330-36cab9b2a54d,Italian Soup,Italian style agree soup.,file:///data/user/0/host.exp.exponent/cache/ExperienceData/%2540anonymous/a3331de9-8aed-4477-9acf-bb40fb47fd3c,6 people,https://youtu.be/BgRXzGhK?si=VXipkmiM,1 hour,"chicken, milk, cinnamon, sugar",da4c41a3-3062-45c8-b8e9-94b02af4754d,0,Always taste as you go. Use olive oil for an authentic taste.
714cc0b4-3593-4af0-8194-4dc0efb407fd,Italian Soup,Italian style behind soup.,file:///data/user/0/host.exp.exponent/cache/ExperienceData/%2540anonymous/8807305f-4de0-4952-9b04-59db76a598c6,4 people,https://youtu.be/XwVPRXCE?si=SsBryXjt,2 hours,"chicken, beef, pork, flour, cinnamon, pepper",e7e6376a-2d7a-4fc3-9888-cba2223cbaa3,0,Let it rest after cooking. Use olive oil for an authentic taste.
f2414585-c29a-4ea9-8e20-589a663be07b,Chinese Main Course,Chinese style school main course.,file:///data/user/0/host.exp.exponent/cache/ExperienceData/%2540anonymous/2fc540a8-008c-4007-bf6e-eaedbf6073dc,6 people,https://youtu.be/opySDOyc?si=GihWXFuZ,30 minutes,"garlic, chicken, flour, tomato, pepper, cinnamon",cc1bc84e-cad5-4fe8-822d-660acc24b18a,0,Make sure to season well. Sesame oil can add a great flavor to stir-fries.
5f4f995b-70cf-47e3-8d48-4ce4af5d5379,Mexican Soup,Mexican style write soup.,file:///data/user/0/host.exp.exponent/cache/ExperienceData/%2540anonymous/7ce107fe-560a-4126-a721-ab215291f623,1 person,https://youtu.be/VrFDWpdP?si=hAPJhXWy,2 hours,"pepper, basil, butter, sugar, milk",87162513-4a8c-4419-971b-c7445c91ab51,0,Let it rest after cooking. Fresh lime will enhance the flavors.
6bbeb424-4874-46e1-acbb-4d6ab6e18562,Italian Main Course,Italian style simply main course.,file:///data/user/0/host.exp.exponent/cache/ExperienceData/%2540anonymous/c28f4b9c-0ad2-4490-a2ab-3ff2a0d90b40,1 person,https://youtu.be/zQKwiapH?si=oDoHfCGe,2 hours,"basil, onion, sugar, pepper",bf376e38-61b1-4393-bf65-cf02fea3b1b6,0,Let it rest after cooking. Use olive oil for an authentic taste.
73547e36-3502-4aa3-8f24-3398d046da9d,American Snack,American style kind snack.,file:///data/user/0/host.exp.exponent/cache/ExperienceData/%2540anonymous/be2c31e2-b965-48fb-b292-e22785038eb7,1 person,https://youtu.be/JhCuhBrt?si=YbolLTmn,45 minutes,"chicken, milk, tomato",9c262e54-4585-479b-8ab0-de3609a5115f,0,Use fresh ingredients for better flavor. Do not overmix when making muffins.
de2a0642-cc9b-43e0-9e0f-bb59aa1ea342,American Main Course,American style time main course.,file:///data/user/0/host.exp.exponent/cache/ExperienceData/%2540anonymous/109161af-9849-4d70-8836-d173ec98f463,4 people,https://youtu.be/FywvlRjA?si=anExeBCP,45 minutes,"tomato, garlic, egg, pork, butter, milk",92c49926-1355-4896-8dbb-5ab319eac600,0,Always taste as you go. Do not overmix when making muffins.
edeb1e4c-513d-49d0-b7da-ae9e953f14cc,Italian Snack,Italian style stock snack.,file:///data/user/0/host.exp.exponent/cache/ExperienceData/%2540anonymous/b2d89ee4-6718-4476-8f47-28252fed88b2,2 people,https://youtu.be/meqeqTOX?si=oSdXuCcx,45 minutes,"cheese, egg, pepper, flour, milk",19a1dc49-b596-473a-a8c2-5d2373348bc2,0,Let it rest after cooking. Use olive oil for an authentic taste.
a04e90fb-b302-40a9-b549-ecb605b0e0ab,Mexican Dessert,Mexican style it dessert.,file:///data/user/0/host.exp.exponent/cache/ExperienceData/%2540anonymous/73b6547d-f1f9-4565-8fe1-bba408fe2642,2 people,https://youtu.be/TtrVGPgy?si=QmRjiKpw,2 hours,"chicken, egg, tomato",7647788f-f41f-4fb6-9b6f-d642f83c5a98,0,Make sure to season well. Fresh lime will enhance the flavors.
0b1803d7-0c4c-4e2f-882d-0e3466bd52fa,Mexican Dessert,Mexican style section dessert.,file:///data/user/0/host.exp.exponent/cache/ExperienceData/%2540anonymous/610f61bd-c7f1-4e57-9835-913e7e15457c,4 people,https://youtu.be/NsXVTvzM?si=fZZCFCSn,2 hours,"onion, beef, egg",4fc9141c-a322-4c0f-884a-c0ff9eaf9a30,0,Use fresh ingredients for better flavor. Fresh lime will enhance the flavors.
0eb516a3-330b-430f-a237-2bbf5bc5d454,Indian Salad,Indian style court salad.,file:///data/user/0/host.exp.exponent/cache/ExperienceData/%2540anonymous/ab8177e9-9f0d-4aef-a234-8010b261f626,6 people,https://youtu.be/QXfBcHpy?si=yNELNvyA,1 hour,"basil, garlic, tomato",f086f5bb-9ca8-42cb-9878-7e2b5251bf44,0,Let it rest after cooking. Adjust the amount of spices if you prefer less heat.
ba33ed5f-40bf-4ddc-b8c6-b6220f3c77c3,Chinese Soup,Chinese style later soup.,file:///data/user/0/host.exp.exponent/cache/ExperienceData/%2540anonymous/ca6cdd44-c531-49cd-b717-5a2a3fa8a508,2 people,https://youtu.be/oTgDDJJc?si=JjgmIhYS,30 minutes,"milk, pork, flour, chicken, basil",887f90a5-8204-44be-91f9-b96e36500575,0,Use fresh ingredients for better flavor. Sesame oil can add a great flavor to stir-fries.
e0d6280a-cf3d-4b30-95ad-9f9f06b5d439,Italian Dessert,Italian style single dessert.,file:///data/user/0/host.exp.exponent/cache/ExperienceData/%2540anonymous/ee630ab9-bf0c-44e1-8944-266ba2350d40,1 person,https://youtu.be/NSEMDuZS?si=UMEyQKxU,1 hour,"beef, tomato, cheese",9ccb8770-24ef-4479-a134-1132085b00d7,0,Let it rest after cooking. Use olive oil for an authentic taste.
92263488-b522-4ae2-9744-0582be98abaa,Italian Snack,Italian style often snack.,file:///data/user/0/host.exp.exponent/cache/ExperienceData/%2540anonymous/807a5fc8-db2b-413c-a48d-d84e82b565b3,2 people,https://youtu.be/HQxQpgMe?si=UGFXrkVQ,1 hour,"chicken, milk, cheese, basil, pepper, pork",2d2c112a-a15d-4f28-9c43-f227864f53f5,0,Use fresh ingredients for better flavor. Use olive oil for an authentic taste.
db815562-738f-4b61-8a95-6138cde70501,Mexican Snack,Mexican style theory snack.,file:///data/user/0/host.exp.exponent/cache/ExperienceData/%2540anonymous/67fbea29-9ccc-4073-8ece-6af97bcf18af,1 person,https://youtu.be/SKWbGXGV?si=LkizfjkF,45 minutes,"pork, egg, beef, sugar, garlic, pepper",3c445a5f-92de-45f5-a146-c3cbdb94df5f,0,Use fresh ingredients for better flavor. Fresh lime will enhance the flavors.
b3ce1761-e168-4415-915c-a86378d4e0e6,Italian Dessert,Italian style movement dessert.,file:///data/user/0/host.exp.exponent/cache/ExperienceData/%2540anonymous/0ad037b0-156a-4739-943f-ad10bf693fb2,2 people,https://youtu.be/PkbZnMQm?si=CMmrvSTW,2 hours,"onion, butter, flour, pepper, garlic",e58daf2c-65f5-447e-8550-f1e0df99d355,0,Make sure to season well. Use olive oil for an authentic taste.
3e9a5e85-bca1-4382-9ce7-4a921eb480f4,Chinese Soup,Chinese style always soup.,file:///data/user/0/host.exp.exponent/cache/ExperienceData/%2540anonymous/3bb76f28-9675-48e2-a323-25de9786971d,6 people,https://youtu.be/ZNjiuquB?si=bWNzXaFu,45 minutes,"egg, beef, pepper, cinnamon, onion",00943e70-1828-46a3-be37-432a7edc7bc3,0,Always taste as you go. Sesame oil can add a great flavor to stir-fries.
6a5cf253-1838-4963-9900-c93ad80b1036,Italian Salad,Italian style station salad.,file:///data/user/0/host.exp.exponent/cache/ExperienceData/%2540anonymous/214df02f-450f-4f34-b0e4-5663f66487a7,1 person,https://youtu.be/kwyfrdxU?si=RAtZWFmY,45 minutes,"beef, onion, flour, tomato",d0006a66-a032-47d1-ba99-639935416042,0,Always taste as you go. Use olive oil for an authentic taste.
04b3a04e-74b9-45cb-b307-e484b07b0c45,American Snack,American style car snack.,file:///data/user/0/host.exp.exponent/cache/ExperienceData/%2540anonymous/3fc851b9-856b-4f5a-96dc-cef36d984aa7,1 person,https://youtu.be/BUWJpPxw?si=qkdZegRz,1 hour,"garlic, pork, butter",dad4683e-bfed-4721-ba9c-09980b18521a,0,Use fresh ingredients for better flavor. Do not overmix when making muffins.
ba798228-b78c-4862-bf44-91825018453e,Italian Soup,Italian style foreign soup.,file:///data/user/0/host.exp.exponent/cache/ExperienceData/%2540anonymous/cf2a9910-55bc-4be0-b6b0-71029349cff5,4 people,https://youtu.be/hoGGVJlw?si=YbtyQNpt,30 minutes,"cheese, beef, egg",b992505b-d7df-45ee-81af-23bb6af6346a,0,Always taste as you go. Use olive oil for an authentic taste.
1a437550-65e5-4264-93e5-7fa0961f917f,American Main Course,American style imagine main course.,file:///data/user/0/host.exp.exponent/cache/ExperienceData/%2540anonymous/688712ed-80b2-48ec-bddc-88fe9d3162fa,2 people,https://youtu.be/ZKqEHGSb?si=cyEexWdu,1 hour,"onion, sugar, flour",555e9695-e688-4ecc-8e2b-353321f861e7,0,Make sure to season well. Do not overmix when making muffins.
a0bcdaea-1211-4996-926d-72d3d17f3e80,Italian Soup,Italian style who soup.,file:///data/user/0/host.exp.exponent/cache/ExperienceData/%2540anonymous/782ac502-ce49-450e-8192-6045f2ae73c6,6 people,https://youtu.be/DwUZspHW?si=gEFhUqTy,2 hours,"cheese, onion, egg, cinnamon, garlic, beef",b44541a6-2e7e-4741-b1bb-9f1cd918e41a,0,Always taste as you go. Use olive oil for an authentic taste.
bb8e1b4b-5be4-4ff4-b4fd-55fd72edd932,Chinese Main Course,Chinese style job main course.,file:///data/user/0/host.exp.exponent/cache/ExperienceData/%2540anonymous/8473948e-2864-4f86-9d6d-a98063c39637,2 people,https://youtu.be/WzMNVIEn?si=AAifQDNM,45 minutes,"egg, garlic, chicken",8b292f07-907e-442e-88f2-4709eb71c4c0,0,Make sure to season well. Sesame oil can add a great flavor to stir-fries.
470c43ab-5b4a-460c-9923-62cf9488078f,Italian Salad,Italian style situation salad.,file:///data/user/0/host.exp.exponent/cache/ExperienceData/%2540anonymous/6f60be95-3684-4641-a709-61758ef71c2e,4 people,https://youtu.be/UpXuOPqn?si=pvGCDGLd,1 hour,"beef, garlic, tomato",fd30f540-ab72-4d0c-8f30-41a7d5b3d447,0,Always taste as you go. Use olive oil for an authentic taste.
2b46b797-4cf5-4046-bd53-06652499b1a5,Indian Salad,Indian style wonder salad.,file:///data/user/0/host.exp.exponent/cache/ExperienceData/%2540anonymous/f769b089-3aec-4c76-a3db-9d63350009c4,2 people,https://youtu.be/bFqmuqii?si=kAIhrLDH,2 hours,"onion, pork, pepper",0bd444b6-113d-4d44-a316-fa34b96554cf,0,Make sure to season well. Adjust the amount of spices if you prefer less heat.
6561bfff-dff2-441a-9378-7e74420d112a,American Snack,American style message snack.,file:///data/user/0/host.exp.exponent/cache/ExperienceData/%2540anonymous/5866689f-4645-4e1a-9475-749387926adb,4 people,https://youtu.be/UxnFZLZE?si=nXgokUgL,30 minutes,"beef, egg, pork, basil, tomato, garlic",f8ee3376-047e-44dd-9ec0-1461d1db10e1,0,Make sure to season well. Do not overmix when making muffins.
e0c2f6a4-17bf-48bd-8123-6f9b562ab59f,Italian Soup,Italian style region soup.,file:///data/user/0/host.exp.exponent/cache/ExperienceData/%2540anonymous/0b0a8885-bab9-4241-a423-0f67a6327ffa,6 people,https://youtu.be/reUaIGqH?si=deUamxmm,1 hour,"chicken, onion, flour, sugar, milk, tomato",84534bbc-5f1b-48da-8b68-2a5b985de097,0,Make sure to season well. Use olive oil for an authentic taste.
73145c77-4994-488b-b707-49a2bec7c5d5,Mexican Dessert,Mexican style believe dessert.,file:///data/user/0/host.exp.exponent/cache/ExperienceData/%2540anonymous/9d7acb73-6702-4e20-abfc-9001c2a9976b,4 people,https://youtu.be/PrsPbiab?si=UbiJeuXa,30 minutes,"garlic, tomato, butter, egg, flour, pork",b724d85e-da26-4cbc-8aab-ecbafe3f9e0b,0,Let it rest after cooking. Fresh lime will enhance the flavors.
d5c3e4f9-986b-442b-b80d-051bbbb36da8,Indian Main Course,Indian style claim main course.,file:///data/user/0/host.exp.exponent/cache/ExperienceData/%2540anonymous/4f34006d-0ade-48e9-a256-1ae02d421127,4 people,https://youtu.be/hhRKUThr?si=pOIbAFcd,2 hours,"egg, flour, garlic, tomato, cheese, sugar",e4eb0f93-bacb-4663-b23b-73ad6e82f538,0,Let it rest after cooking. Adjust the amount of spices if you prefer less heat.
faf72cb7-3d74-4470-a432-099ca99c4247,Chinese Soup,Chinese style result soup.,file:///data/user/0/host.exp.exponent/cache/ExperienceData/%2540anonymous/4baed9b0-5367-48dd-b541-2fd00a6e22a5,6 people,https://youtu.be/LeecSAfg?si=tEAkgTRG,45 minutes,"butter, pepper, cheese, onion, egg, tomato",84c721a2-e35f-46e0-af24-dd77ceafe803,0,Use fresh ingredients for better flavor. Sesame oil can add a great flavor to stir-fries.
18ad164f-c292-4434-990b-d375117000c9,Italian Soup,Italian style personal soup.,file:///data/user/0/host.exp.exponent/cache/ExperienceData/%2540anonymous/12dc29ff-1594-4323-afb3-db7932412d9a,6 people,https://youtu.be/jSuxSsCO?si=mqWgQykS,1 hour,"butter, beef, chicken, sugar, egg, pork",afa703f6-e3a5-4072-b33d-45220281b319,0,Make sure to season well. Use olive oil for an authentic taste.
df6ee933-27ab-48aa-b50f-cce6c22d5a3c,Italian Snack,Italian style medical snack.,file:///data/user/0/host.exp.exponent/cache/ExperienceData/%2540anonymous/880ca9d6-eb0d-4740-b5c5-112a448d7765,2 people,https://youtu.be/smjfIqKW?si=TmbOcLXp,2 hours,"garlic, beef, pepper, flour, egg, sugar",650cd64c-8b1d-4b6b-b35c-23a85a919266,0,Let it rest after cooking. Use olive oil for an authentic taste.
a1a91dde-1cbd-4c1b-a372-ae5d7386aad7,Chinese Dessert,Chinese style since dessert.,file:///data/user/0/host.exp.exponent/cache/ExperienceData/%2540anonymous/551c5dec-b845-43ee-991b-8e1eb1f3d858,2 people,https://youtu.be/qBcrLxmp?si=uXIexnlF,45 minutes,"garlic, onion, butter, cinnamon, cheese, sugar",a547c78a-0aa6-47cc-9221-773276229f9e,0,Use fresh ingredients for better flavor. Sesame oil can add a great flavor to stir-fries.
254436d9-5f1c-45a0-9a9a-56d8e1b51a77,Indian Snack,Indian style time snack.,file:///data/user/0/host.exp.exponent/cache/ExperienceData/%2540anonymous/676186ea-2aa5-45c3-9184-5ca64db7f50f,2 people,https://youtu.be/KQagGzXB?si=vpFdaDpA,1 hour,"cinnamon, beef, cheese",8778355e-2307-49ca-ab3d-14afd3b8ce3f,0,Make sure to season well. Adjust the amount of spices if you prefer less heat.
14fc4512-f352-499a-9775-cc396a95d6cd,American Snack,American style state snack.,file:///data/user/0/host.exp.exponent/cache/ExperienceData/%2540anonymous/fadb5956-c505-4648-96a6-e7219e7f53fd,1 person,https://youtu.be/TNGOeskH?si=GygAMSng,30 minutes,"milk, garlic, tomato, chicken, pepper",06d14525-4851-4ef0-8584-e46c204aa9f3,0,Make sure to season well. Do not overmix when making muffins.
81dce20b-f75e-4fd5-8e04-97e940972c12,Italian Soup,Italian style art soup.,file:///data/user/0/host.exp.exponent/cache/ExperienceData/%2540anonymous/191ff8d0-a13c-4568-8445-1b2e6ede14c0,6 people,https://youtu.be/zshgVHQr?si=VCVuViQy,45 minutes,"tomato, pork, pepper",68fb8895-7e79-4156-bc9e-d3599ffca2c8,0,Let it rest after cooking. Use olive oil for an authentic taste.
d33f8db2-87fe-41e2-b34d-af951a8af454,Indian Soup,Indian style dinner soup.,file:///data/user/0/host.exp.exponent/cache/ExperienceData/%2540anonymous/50ede847-2c9d-43b6-a6ac-5618e5e12902,4 people,https://youtu.be/fBnNipOY?si=FcYyjwdH,30 minutes,"basil, pork, garlic",61b2819e-d4e2-44e2-a788-31a1580a690c,0,Always taste as you go. Adjust the amount of spices if you prefer less heat.
1bf39cb4-5ec1-4d54-b547-a564d6f09c87,Italian Snack,Italian style five snack.,file:///data/user/0/host.exp.exponent/cache/ExperienceData/%2540anonymous/de6dbb10-4f3d-437d-ac01-1c3e4db43e70,4 people,https://youtu.be/mCUEyCOE?si=nEBIphOF,1 hour,"cinnamon, tomato, butter",5704bf73-ea2b-4983-939b-845a818ab30c,0,Make sure to season well. Use olive oil for an authentic taste.
3a73025a-082d-4a43-bebb-aa72edfe417c,Italian Snack,Italian style serve snack.,file:///data/user/0/host.exp.exponent/cache/ExperienceData/%2540anonymous/883bc1ae-533f-48cd-b155-f8ccdd393587,6 people,https://youtu.be/qflDQPiK?si=AyThOkIT,1 hour,"milk, cheese, pork, flour, garlic, sugar",b8810527-f191-4f64-8ec0-de16858aa209,0,Make sure to season well. Use olive oil for an authentic taste.
39b1b66d-886a-4cff-b588-998b93fca008,Mexican Salad,Mexican style century salad.,file:///data/user/0/host.exp.exponent/cache/ExperienceData/%2540anonymous/6827cde4-a29a-491e-9c91-ce87fbc207e1,1 person,https://youtu.be/gLbXNzWr?si=ePWGynRZ,45 minutes,"milk, pepper, tomato, cinnamon, garlic",5c98c2a3-5be5-47e6-b7b8-65c361eec840,0,Use fresh ingredients for better flavor. Fresh lime will enhance the flavors.
27bdc82b-fbe2-49b0-857d-3ed8f60eb58c,Chinese Dessert,Chinese style exactly dessert.,file:///data/user/0/host.exp.exponent/cache/ExperienceData/%2540anonymous/faf277f1-da55-4920-9901-4c5fffda608e,2 people,https://youtu.be/ZndaEImB?si=XbpyuMgZ,1 hour,"milk, onion, cheese, sugar, flour",def27d72-3f9d-4945-b4c9-759c1fcf765f,0,Use fresh ingredients for better flavor. Sesame oil can add a great flavor to stir-fries.
26e003bf-6ef4-4677-a10d-0fa328eeb908,Indian Main Course,Indian style there main course.,file:///data/user/0/host.exp.exponent/cache/ExperienceData/%2540anonymous/557467d8-1ab3-4e83-82f9-81fd9ce557ad,6 people,https://youtu.be/ZGSapZDh?si=bLsHysTq,30 minutes,"flour, tomato, chicken, sugar, basil",3735ff04-216a-4b54-93f8-017ffdf8b29d,0,Let it rest after cooking. Adjust the amount of spices if you prefer less heat.
e1917705-b909-4341-aed3-b51b86b1d6be,Mexican Salad,Mexican style pretty salad.,file:///data/user/0/host.exp.exponent/cache/ExperienceData/%2540anonymous/83dcb075-ac5f-4786-aca4-b4a5733a8a1e,4 people,https://youtu.be/YVQbBxlm?si=dVIkiIsy,1 hour,"egg, garlic, cheese",254826e8-c667-4ecf-b13e-b5010bbc6fec,0,Always taste as you go. Fresh lime will enhance the flavors.
4c92fa2e-d962-4d3b-9abb-04cdaca27619,Chinese Main Course,Chinese style century main course.,file:///data/user/0/host.exp.exponent/cache/ExperienceData/%2540anonymous/5ec0f40e-37d0-4be2-900d-a866488c4da8,4 people,https://youtu.be/dNjNSUiH?si=NkynlCpk,45 minutes,"sugar, cinnamon, garlic, tomato, onion, basil",eaa006f0-2ccc-4c22-a17d-417fbd8bab39,0,Make sure to season well. Sesame oil can add a great flavor to stir-fries.
8fef518b-aee6-4399-9a5a-8c4c3499897c,Italian Dessert,Italian style early dessert.,file:///data/user/0/host.exp.exponent/cache/ExperienceData/%2540anonymous/fc3b57e3-2a67-427d-908c-114d14ba57fa,6 people,https://youtu.be/rjpbQJHS?si=NnNNrthk,30 minutes,"sugar, pepper, milk",315a2ce6-30e2-4b70-ad7c-52706942c904,0,Use fresh ingredients for better flavor. Use olive oil for an authentic taste.
c1c26723-4ed7-41e6-b4bc-fce46ab0d584,American Salad,American style door salad.,file:///data/user/0/host.exp.exponent/cache/ExperienceData/%2540anonymous/898b00c4-111a-4c0d-bfcc-44c4d48ded8f,2 people,https://youtu.be/GkxIyXpp?si=sDCbHrmD,30 minutes,"sugar, beef, butter, flour, tomato, cheese",31fe2c64-b000-4c9b-8150-ba91e4222b18,0,Always taste as you go. Do not overmix when making muffins.
c0bd0d21-ee76-4d65-9605-9eaf7f62872f,Chinese Snack,Chinese style site snack.,file:///data/user/0/host.exp.exponent/cache/ExperienceData/%2540anonymous/6a5e14ea-1703-408f-8845-8c0a621acda5,2 people,https://youtu.be/chynRJmo?si=gtVRNjPN,30 minutes,"basil, sugar, cheese, pork",4e85f336-6809-4e17-8696-5ff07ad4f422,0,Always taste as you go. Sesame oil can add a great flavor to stir-fries.
bba0c195-58ec-4dff-a5fc-2ceb67c89564,Chinese Main Course,Chinese style again main course.,file:///data/user/0/host.exp.exponent/cache/ExperienceData/%2540anonymous/a82aef0b-5aa2-4142-ab77-a25540c9a736,4 people,https://youtu.be/AFlFthOO?si=AnHAaGBl,1 hour,"chicken, pepper, cinnamon",b4169afa-e608-4b62-bced-7ba152b1356d,0,Always taste as you go. Sesame oil can add a great flavor to stir-fries.
9b3fe02e-dead-4dc1-acfd-8ed019b00aff,Italian Soup,Italian style certainly soup.,file:///data/user/0/host.exp.exponent/cache/ExperienceData/%2540anonymous/98693619-f988-4620-b3c4-6a3a7bca82a7,1 person,https://youtu.be/ytzLXBlu?si=nHnVlEpH,1 hour,"pork, garlic, onion",286e33b4-c4db-402f-ab5f-205caecd6867,0,Make sure to season well. Use olive oil for an authentic taste.
17569d55-da74-49f9-b7e0-6ae5ed66057d,Indian Salad,Indian style suddenly salad.,file:///data/user/0/host.exp.exponent/cache/ExperienceData/%2540anonymous/75cdd9b1-159b-4844-86e2-aa8895cbea1d,2 people,https://youtu.be/mBMEUhWt?si=XsPsbUCW,45 minutes,"cinnamon, garlic, tomato, cheese, butter, chicken",9a75fe90-38de-46ca-ab1e-1eb1e3e0cbdb,0,Always taste as you go. Adjust the amount of spices if you prefer less heat.
5c3eceae-e4be-465b-b6d6-412399ef6381,Mexican Snack,Mexican style to snack.,file:///data/user/0/host.exp.exponent/cache/ExperienceData/%2540anonymous/e1e7a978-d9f7-4eba-ac2d-bff7abdcfd2e,6 people,https://youtu.be/ssiTscls?si=WZWTQDoK,30 minutes,"onion, beef, pepper",d5611671-2807-4503-9f89-eaa4216117d0,0,Make sure to season well. Fresh lime will enhance the flavors.
e903b971-7357-496c-a798-c2638e1d1df1,Italian Main Course,Italian style say main course.,file:///data/user/0/host.exp.exponent/cache/ExperienceData/%2540anonymous/1593ef3d-eaf9-4936-bdf7-2ef72bbb3a59,6 people,https://youtu.be/xdjBheSg?si=ieqAkuMA,45 minutes,"butter, garlic, beef, basil, cheese",f2402a23-ccfe-4234-8367-0e298d2f4068,0,Use fresh ingredients for better flavor. Use olive oil for an authentic taste.
ad3a4b1f-6268-4209-9724-646dc26baf9c,Chinese Soup,Chinese style future soup.,file:///data/user/0/host.exp.exponent/cache/ExperienceData/%2540anonymous/73514ff6-7c82-4c63-a034-33559bb62bee,4 people,https://youtu.be/gTnVsDDd?si=nzadMCQq,45 minutes,"butter, sugar, cinnamon, tomato, onion, chicken",daf2aae7-dcd6-418e-a7d8-028650872b2e,0,Let it rest after cooking. Sesame oil can add a great flavor to stir-fries.
e4cdcc62-3a30-44a5-8293-f44f74fb356f,Italian Salad,Italian style near salad.,file:///data/user/0/host.exp.exponent/cache/ExperienceData/%2540anonymous/a5e974c6-7235-4e51-97da-72b9fb9bbe68,2 people,https://youtu.be/fZtEVOkj?si=CvAwOIof,45 minutes,"tomato, beef, pepper, garlic, cheese",f7ccd71d-d524-41da-b2d7-fcae245e1a99,0,Let it rest after cooking. Use olive oil for an authentic taste.
00a5b41f-8009-46c2-9239-d26b039e4cb1,Chinese Snack,Chinese style than snack.,file:///data/user/0/host.exp.exponent/cache/ExperienceData/%2540anonymous/70a51d60-d881-4af7-8be5-8f1b99871456,1 person,https://youtu.be/aKnChoFs?si=EybBUFkG,30 minutes,"beef, tomato, milk, garlic",407770f4-914b-408d-ac01-e96fe4e3d105,0,Always taste as you go. Sesame oil can add a great flavor to stir-fries.
bf290297-0f15-4ff7-847f-0000b4534b1d,Indian Main Course,Indian style either main course.,file:///data/user/0/host.exp.exponent/cache/ExperienceData/%2540anonymous/9f63ea1c-1e9c-4405-a85b-c98aa7ec249e,6 people,https://youtu.be/HPjEqfIc?si=WoLssAQV,30 minutes,"butter, onion, egg",29f6c07c-a67e-4539-b0ba-54f47072f539,0,Use fresh ingredients for better flavor. Adjust the amount of spices if you prefer less heat.
22370c6f-c7c4-40a9-8706-b297d212b193,Italian Snack,Italian style space snack.,file:///data/user/0/host.exp.exponent/cache/ExperienceData/%2540anonymous/d1e3f0ef-fe57-4370-9909-4173a77c9cc2,4 people,https://youtu.be/YPxFQEYs?si=YRWtoIoa,1 hour,"egg, butter, pepper",fd7c9a46-a145-41d8-b2bd-1a711bf1ebd9,0,Let it rest after cooking. Use olive oil for an authentic taste.
32090fb8-74d4-4ef7-97cc-00df003f2d0c,Mexican Snack,Mexican style daughter snack.,file:///data/user/0/host.exp.exponent/cache/ExperienceData/%2540anonymous/25eedc5f-b4c0-4f02-a28f-76b6e724e6e3,2 people,https://youtu.be/yzHFhPtO?si=BMOqHAKH,1 hour,"cheese, milk, egg, pork",24b5c0d4-bc1e-42b0-a5d9-6d34cee83d31,0,Make sure to season well. Fresh lime will enhance the flavors.
c642057a-327b-4da0-bf81-9ffff03665e2,Chinese Main Course,Chinese style better main course.,file:///data/user/0/host.exp.exponent/cache/ExperienceData/%2540anonymous/0669ac2e-8b51-4536-a3ad-cade76af7aa5,2 people,https://youtu.be/bVluEWCs?si=MFJSzPav,30 minutes,"sugar, basil, garlic",11c601e7-2815-4ec5-9979-5c7889d4783c,0,Use fresh ingredients for better flavor. Sesame oil can add a great flavor to stir-fries.
e7d9eea3-a422-4996-bec2-18589cfaf28b,Italian Dessert,Italian style shake dessert.,file:///data/user/0/host.exp.exponent/cache/ExperienceData/%2540anonymous/0b607012-42a8-4965-9aab-5fae2f64ed4d,2 people,https://youtu.be/KsByeFvO?si=SUdQcXOS,45 minutes,"pepper, cheese, garlic, milk",91b07981-d1d3-4361-8fe1-6610481f6596,0,Use fresh ingredients for better flavor. Use olive oil for an authentic taste.
379a65fd-c684-4a02-aa04-7d464dd20d9c,American Snack,American style continue snack.,file:///data/user/0/host.exp.exponent/cache/ExperienceData/%2540anonymous/b33bd605-7d21-40df-9a58-e40e6e97334a,2 people,https://youtu.be/DYMVaHlm?si=kIZUhzrx,45 minutes,"basil, flour, cinnamon, chicken",108a6f89-f9d4-44df-815b-4f0bc42a2fae,0,Always taste as you go. Do not overmix when making muffins.
8baf6e2f-885c-41b1-ad06-23ece4661560,Chinese Snack,Chinese style red snack.,file:///data/user/0/host.exp.exponent/cache/ExperienceData/%2540anonymous/6fc1a844-5d31-4dba-9a2c-30b5cb48f2d4,4 people,https://youtu.be/VfRVpeNr?si=eiHvepzl,1 hour,"butter, flour, tomato, garlic, milk, pork",fe9fdb40-b913-4893-813c-8aaac66e6a3a,0,Always taste as you go. Sesame oil can add a great flavor to stir-fries.
5930d621-6f55-4908-bc66-a66205f94968,Mexican Main Course,Mexican style change main course.,file:///data/user/0/host.exp.exponent/cache/ExperienceData/%2540anonymous/2c1b8880-e83e-4ad5-a1fa-8d92278b5e3c,1 person,https://youtu.be/RNKxemHw?si=xrVdzmpr,45 minutes,"pepper, flour, chicken, egg, onion",21decc09-a752-465c-a641-a38121915fae,0,Always taste as you go. Fresh lime will enhance the flavors.
6e11c0e9-9a15-48a5-ba7c-485d91029e30,Mexican Soup,Mexican style while soup.,file:///data/user/0/host.exp.exponent/cache/ExperienceData/%2540anonymous/e9ebc51a-1f6d-4b3a-a98f-796707fde8d8,2 people,https://youtu.be/sBURHnCn?si=whzlOzwH,1 hour,"tomato, pepper, milk",48088edd-7e90-4613-af46-431d73e08f89,0,Let it rest after cooking. Fresh lime will enhance the flavors.
f639ae48-dbaa-481b-a694-693ca3d6ac1b,Italian Dessert,Italian style girl dessert.,file:///data/user/0/host.exp.exponent/cache/ExperienceData/%2540anonymous/e3d69737-607a-46cd-8d60-5eb413fed6d9,2 people,https://youtu.be/gEWuejfg?si=lcPuDQWg,30 minutes,"milk, butter, chicken, flour",4591dbaf-b52f-4857-ba96-4195e1462ad8,0,Use fresh ingredients for better flavor. Use olive oil for an authentic taste.
e25cf69e-e54e-4762-b3fd-5b942e99f20e,Indian Main Course,Indian style thank main course.,file:///data/user/0/host.exp.exponent/cache/ExperienceData/%2540anonymous/61d9fb9e-16b3-48eb-a149-052cfd25fcc0,1 person,https://youtu.be/RylVdVOj?si=GbRbLvvY,1 hour,"chicken, cheese, beef, tomato, basil, cinnamon",3b939d69-b217-4106-9d41-4a936d5fd5ff,0,Always taste as you go. Adjust the amount of spices if you prefer less heat.
26e0f9d9-e8d4-41bc-97dd-e7fab3146698,Chinese Main Course,Chinese style movement main course.,file:///data/user/0/host.exp.exponent/cache/ExperienceData/%2540anonymous/7651fa82-f3c5-46a6-bf5e-3feba2b0246b,2 people,https://youtu.be/vKcSgwzT?si=BRxkujZm,45 minutes,"chicken, cheese, tomato",a5b7bc6a-32f3-4c92-b0ab-ddd95b81d3af,0,Use fresh ingredients for better flavor. Sesame oil can add a great flavor to stir-fries.
58b65366-4c45-4ee2-ac38-19ebdb75f82e,Indian Soup,Indian style least soup.,file:///data/user/0/host.exp.exponent/cache/ExperienceData/%2540anonymous/454b7a21-9f10-48b9-abf5-35d8b1e3e98e,4 people,https://youtu.be/FBlxOrnn?si=XiVBkYgu,45 minutes,"onion, milk, sugar, basil, beef, pork",ec75de7b-4e14-4c85-ae01-95a51fecc705,0,Use fresh ingredients for better flavor. Adjust the amount of spices if you prefer less heat.
a9815baf-dab2-4db7-a135-2442c1a06ac6,Indian Main Course,Indian style behind main course.,file:///data/user/0/host.exp.exponent/cache/ExperienceData/%2540anonymous/3544c4f3-bf46-4add-9a07-bca1696f1c9f,2 people,https://youtu.be/lfLHxXWA?si=UDMnGYoZ,30 minutes,"milk, pork, onion, beef, pepper",e6b10480-19ab-4c17-ada4-c933fe3837b6,0,Let it rest after cooking. Adjust the amount of spices if you prefer less heat.
b4bc877d-391a-4b92-be28-1bdf66e3930d,Chinese Salad,Chinese style reveal salad.,file:///data/user/0/host.exp.exponent/cache/ExperienceData/%2540anonymous/aca8d988-6951-449c-b7dc-7823ca8be499,6 people,https://youtu.be/mLQBuyJk?si=DsbUXPIB,45 minutes,"garlic, onion, pepper, basil, tomato",8749a623-76fd-428b-a3cf-ba3c7e23a15d,0,Use fresh ingredients for better flavor. Sesame oil can add a great flavor to stir-fries.
c7d5607d-27e2-406e-bd72-2e9495ae960e,Italian Soup,Italian style maybe soup.,file:///data/user/0/host.exp.exponent/cache/ExperienceData/%2540anonymous/6cb274ae-41ec-45db-a334-eac20deedb19,4 people,https://youtu.be/rRkyGtVk?si=aVezgpaX,1 hour,"pork, milk, onion",b23eddcb-fa2f-4dda-b6aa-7532db504837,0,Always taste as you go. Use olive oil for an authentic taste.
66ffa5aa-c064-4069-84df-f5b3be47158f,American Dessert,American style thank dessert.,file:///data/user/0/host.exp.exponent/cache/ExperienceData/%2540anonymous/79334fff-68f9-45b5-951a-33f5a9c12f9c,1 person,https://youtu.be/vkGZZCls?si=faljyyQm,1 hour,"milk, basil, beef, pepper, chicken",cf574f9e-f676-489a-a27d-d1e50e75e9d5,0,Always taste as you go. Do not overmix when making muffins.
963b84cd-582c-481d-a006-47ec4322ea93,Chinese Snack,Chinese style I snack.,file:///data/user/0/host.exp.exponent/cache/ExperienceData/%2540anonymous/f65e7f4c-fb40-4f5d-b1b0-add88709b2be,1 person,https://youtu.be/aDOAZjLm?si=QdDQvUio,1 hour,"sugar, onion, pepper, flour, beef, pork",9afeed32-e5a7-4d69-9785-d406f1a861bf,0,Make sure to season well. Sesame oil can add a great flavor to stir-fries.
990cb9a2-b446-45de-8b9f-fe3009db7f86,Italian Soup,Italian style sell soup.,file:///data/user/0/host.exp.exponent/cache/ExperienceData/%2540anonymous/9a093e1c-20bc-4555-bfa5-021eab6727d1,2 people,https://youtu.be/luocDstm?si=aISNItJI,1 hour,"beef, butter, basil",e499566b-a73d-4f6a-a726-53ea9adae11c,0,Make sure to season well. Use olive oil for an authentic taste.
10e54cca-8dcd-496d-8dee-0aa391b15f09,Italian Soup,Italian style stage soup.,file:///data/user/0/host.exp.exponent/cache/ExperienceData/%2540anonymous/d935db2a-bd9c-4c79-8e06-f25b9004d888,6 people,https://youtu.be/UUUCwkxA?si=EDqJnYpw,2 hours,"butter, cheese, cinnamon",98cfd05f-8f3a-497a-bf56-6c10ad0929ad,0,Always taste as you go. Use olive oil for an authentic taste.
0f180d69-0a9b-41ac-bb6f-e7b623450eee,Indian Dessert,Indian style investment dessert.,file:///data/user/0/host.exp.exponent/cache/ExperienceData/%2540anonymous/3ade9431-6cf8-4783-badf-502097914690,1 person,https://youtu.be/gfOMsIcP?si=YlZTzXBv,1 hour,"chicken, butter, onion, basil, garlic, milk",4ba3b560-70c3-4716-a5a6-ea5a566a0691,0,Let it rest after cooking. Adjust the amount of spices if you prefer less heat.
cc1bb7d2-8fe8-40d3-bf8d-9e2f1a1324f6,Indian Main Course,Indian style keep main course.,file:///data/user/0/host.exp.exponent/cache/ExperienceData/%2540anonymous/2389048f-6bcd-4743-9a2c-c81ff1d8814c,4 people,https://youtu.be/qVUFSQRc?si=NEdCkTLD,30 minutes,"egg, milk, tomato",978aec93-865b-4219-8533-ba2fe51530db,0,Always taste as you go. Adjust the amount of spices if you prefer less heat.
54d40c47-dbf2-43a0-8802-a1785350cfe7,Indian Snack,Indian style picture snack.,file:///data/user/0/host.exp.exponent/cache/ExperienceData/%2540anonymous/2d567229-38cd-4759-8bc3-4d43cfb4f2b6,6 people,https://youtu.be/PrqAdJXz?si=QkJSFmTA,2 hours,"cheese, egg, milk",ac351bb6-0860-40d6-a78e-ad17644bca7b,0,Use fresh ingredients for better flavor. Adjust the amount of spices if you prefer less heat.
2c790eb3-2a76-42b8-aec0-ed9a7b1112cd,Indian Dessert,Indian style possible dessert.,file:///data/user/0/host.exp.exponent/cache/ExperienceData/%2540anonymous/a640d2af-7689-4f2d-a62e-b5c0bc215c22,1 person,https://youtu.be/EgoLTowQ?si=uBDOmPbU,30 minutes,"chicken, cinnamon, basil, pepper, beef, garlic",e372fdd5-b873-410c-83de-57f6ea7aaf87,0,Use fresh ingredients for better flavor. Adjust the amount of spices if you prefer less heat.
2ede4a69-89f3-457e-a437-902114fecdf9,Italian Soup,Italian style side soup.,file:///data/user/0/host.exp.exponent/cache/ExperienceData/%2540anonymous/03a3bb18-1f4a-4919-ac8e-c36ca1363a81,2 people,https://youtu.be/TSSbNYwH?si=LJPBewFF,45 minutes,"beef, butter, pepper, basil",113dc2f1-6e84-4ad2-9026-dd23575fd280,0,Make sure to season well. Use olive oil for an authentic taste.
56cfdeef-a6ab-42a6-984d-5c8f70c53284,American Main Course,American style account main course.,file:///data/user/0/host.exp.exponent/cache/ExperienceData/%2540anonymous/c6711fba-7b24-468c-b9f6-d738e7996f1a,6 people,https://youtu.be/qJDWkMAe?si=StnzdKaj,2 hours,"butter, garlic, basil, milk, pepper",a81e3b36-0bfa-4c91-8031-6a433bf55246,0,Let it rest after cooking. Do not overmix when making muffins.
1c75927a-aefc-4343-a7ba-31cf6e1b9cdd,Mexican Main Course,Mexican style approach main course.,file:///data/user/0/host.exp.exponent/cache/ExperienceData/%2540anonymous/81260414-1c00-46cc-8bf7-0cceebef89a7,6 people,https://youtu.be/IFkyhIld?si=YWpcqdhV,45 minutes,"tomato, milk, butter",cb6b3a86-ae64-49af-ae54-104aa622bf91,0,Make sure to season well. Fresh lime will enhance the flavors.
95b0a33e-8b2c-418e-9130-fdf8d56d60ed,American Snack,American style end snack.,file:///data/user/0/host.exp.exponent/cache/ExperienceData/%2540anonymous/80889604-62c4-496b-91bb-7321615c704e,6 people,https://youtu.be/lYzycdEb?si=dWWrNIWv,1 hour,"onion, beef, basil, pepper",5942197b-ada7-465e-805a-aeea587ca806,0,Let it rest after cooking. Do not overmix when making muffins.
d489934a-1e1a-48e4-9939-1fbd5e65c030,Indian Dessert,Indian style machine dessert.,file:///data/user/0/host.exp.exponent/cache/ExperienceData/%2540anonymous/9aba102a-5ba9-40bc-a837-5e187f60586c,1 person,https://youtu.be/AVLlRDCj?si=RdCEHpbR,30 minutes,"basil, cinnamon, sugar, garlic, chicken",c2b0501c-9bb1-4c0b-a98e-91f0a50204b2,0,Make sure to season well. Adjust the amount of spices if you prefer less heat.
210d2413-699c-4e45-8c4e-77fc51980722,American Soup,American style positive soup.,file:///data/user/0/host.exp.exponent/cache/ExperienceData/%2540anonymous/0e6a33a7-883e-4358-8c27-48041fb2a09d,1 person,https://youtu.be/FKjoDcqF?si=TwQjDexW,2 hours,"pepper, milk, sugar, butter, egg, beef",35dd7ed9-9c50-446a-8fe5-ba131cabb30a,0,Let it rest after cooking. Do not overmix when making muffins.
1bb2831c-5885-47d6-a58a-757350f2853b,Mexican Snack,Mexican style walk snack.,file:///data/user/0/host.exp.exponent/cache/ExperienceData/%2540anonymous/38126a03-cd15-4e65-9014-a5e7b24bc594,4 people,https://youtu.be/NnuTxtLy?si=BDjksPOS,2 hours,"basil, flour, butter",b0ca7b8f-113e-47dd-b926-21791e4e90b1,0,Use fresh ingredients for better flavor. Fresh lime will enhance the flavors.
a2e2f8fa-e80d-4717-9522-58a67c54eae9,Mexican Dessert,Mexican style happy dessert.,file:///data/user/0/host.exp.exponent/cache/ExperienceData/%2540anonymous/15b5965b-74e1-4522-9f38-109ffca6fa49,1 person,https://youtu.be/fxbdKNVw?si=zrJKNShg,45 minutes,"basil, chicken, sugar, egg",2b0e9700-4573-4399-8bcb-be25b2744247,0,Always taste as you go. Fresh lime will enhance the flavors.
b8cf89c3-7995-4a37-95ad-75e869b0bd27,Chinese Snack,Chinese style morning snack.,file:///data/user/0/host.exp.exponent/cache/ExperienceData/%2540anonymous/1a6fc74a-4b31-431f-8c44-bde9b2abd9d8,1 person,https://youtu.be/cVsVFQGk?si=tGsbRlwF,30 minutes,"pepper, cinnamon, milk, egg, onion, tomato",ceb42016-15a2-48d9-8780-caf2fd0cf936,0,Use fresh ingredients for better flavor. Sesame oil can add a great flavor to stir-fries.
ba905edc-496c-459f-9e58-a0dc0a3f2599,Chinese Main Course,Chinese style itself main course.,file:///data/user/0/host.exp.exponent/cache/ExperienceData/%2540anonymous/231604df-2733-45b6-bc2d-6d57e25c4074,2 people,https://youtu.be/WjJFKwff?si=XbGDoITQ,1 hour,"flour, basil, cheese",e8697eb7-5622-474e-a7d5-de2d3a553a29,0,Always taste as you go. Sesame oil can add a great flavor to stir-fries.
f0969cf8-9309-4692-bc25-fca886c13dbf,Indian Dessert,Indian style test dessert.,file:///data/user/0/host.exp.exponent/cache/ExperienceData/%2540anonymous/76543b25-0b6e-462d-bfa8-43beddb63493,4 people,https://youtu.be/mBPyaCza?si=GGvrNmHQ,2 hours,"cinnamon, onion, pork, chicken, butter",7983bf2f-ad68-4b16-92c5-9d1f73e36a8a,0,Always taste as you go. Adjust the amount of spices if you prefer less heat.
8c70c543-b2b4-4a6d-ab35-239f219edf82,Italian Soup,Italian style few soup.,file:///data/user/0/host.exp.exponent/cache/ExperienceData/%2540anonymous/4ded0bfc-9e00-40a7-9dd1-b023bd84f05a,6 people,https://youtu.be/vRysfmLc?si=WQsUlzVt,45 minutes,"pepper, flour, cheese, tomato",4434ca04-d3c4-41b3-852b-f44acda58db3,0,Let it rest after cooking. Use olive oil for an authentic taste.
b40ef9d1-9798-4386-9b42-5d7e872075ff,American Soup,American style mission soup.,file:///data/user/0/host.exp.exponent/cache/ExperienceData/%2540anonymous/bd581db6-ce7c-4f7e-bff3-680021569734,2 people,https://youtu.be/QIXJPrTV?si=BsnCnWpQ,1 hour,"onion, sugar, milk, cinnamon, garlic, flour",5d88e664-2fd4-41ef-82e6-28d66ab856cd,0,Let it rest after cooking. Do not overmix when making muffins.
8b760204-f5d7-47b6-bfba-230a10a2b7b9,Italian Dessert,Italian style politics dessert.,file:///data/user/0/host.exp.exponent/cache/ExperienceData/%2540anonymous/9f26a17f-a04e-4cbe-8b31-75e4b3137dba,1 person,https://youtu.be/TefecyuY?si=QVKBXLjj,1 hour,"pork, cinnamon, tomato, pepper, basil, cheese",7562a11e-71ee-4fa7-8a2a-152a19fee133,0,Let it rest after cooking. Use olive oil for an authentic taste.
3277267c-a2eb-44cd-8427-ceaae1551d77,Italian Soup,Italian style whom soup.,file:///data/user/0/host.exp.exponent/cache/ExperienceData/%2540anonymous/c187016f-9329-4348-b485-bc7adba17f68,1 person,https://youtu.be/dzTWAtiM?si=oAtnlAYE,2 hours,"onion, pepper, cheese, sugar, flour",94eac5ec-1f54-498f-84bd-84a1466298aa,0,Use fresh ingredients for better flavor. Use olive oil for an authentic taste.
4d1bb873-6f83-4062-ab53-b3e350dae998,Mexican Salad,Mexican style eight salad.,file:///data/user/0/host.exp.exponent/cache/ExperienceData/%2540anonymous/f4f91805-bf2c-4a52-91fe-d351002e046b,6 people,https://youtu.be/KuNNmynk?si=ATjQZZcC,45 minutes,"butter, tomato, milk, flour, basil, cheese",f737cc1d-f350-4b45-9ca6-d931c8e038d6,0,Let it rest after cooking. Fresh lime will enhance the flavors.
4b4ff627-9a5c-4cc6-a4d4-f89c0e5aa6f6,Italian Dessert,Italian style weight dessert.,file:///data/user/0/host.exp.exponent/cache/ExperienceData/%2540anonymous/c1fff0bd-28e1-4ba3-a42e-f7adb514eeee,6 people,https://youtu.be/qqgoOJzn?si=rIFoYikN,30 minutes,"chicken, pepper, tomato, cinnamon, egg, garlic",107f9f42-7e98-4b55-b903-27e2e444d37e,0,Use fresh ingredients for better flavor. Use olive oil for an authentic taste.
34a7c574-5c39-44e8-b528-cd9c88e7ce12,Chinese Dessert,Chinese style hundred dessert.,file:///data/user/0/host.exp.exponent/cache/ExperienceData/%2540anonymous/5a6ac9bb-bdd8-4d98-bada-dac188ac6f6b,6 people,https://youtu.be/PQsEfjdw?si=qCMNhOJZ,30 minutes,"cinnamon, egg, garlic",b9b5fc69-68d8-407e-ba41-b20203ea81fe,0,Let it rest after cooking. Sesame oil can add a great flavor to stir-fries.
4a6954ec-ac96-43da-b592-d2dae3d18e17,Chinese Main Course,Chinese style exist main course.,file:///data/user/0/host.exp.exponent/cache/ExperienceData/%2540anonymous/11f573d6-7fc6-4d20-b64d-3c80799ce3ea,4 people,https://youtu.be/bLhkBqXC?si=itffdePJ,1 hour,"cheese, egg, tomato, chicken, flour",95ebfbe9-9810-42b2-9b2a-5f25a636f4f1,0,Always taste as you go. Sesame oil can add a great flavor to stir-fries.
edc284b6-1358-4d90-b0c3-7d323ee3c851,Mexican Soup,Mexican style involve soup.,file:///data/user/0/host.exp.exponent/cache/ExperienceData/%2540anonymous/f7b410e9-eeac-4a21-99f4-75a15953ca80,1 person,https://youtu.be/tFiEDyxD?si=RrixUNNV,45 minutes,"garlic, pepper, tomato, flour, pork, cheese",a8ecc985-1020-4959-adf6-ba1d035344ae,0,Let it rest after cooking. Fresh lime will enhance the flavors.
4258bd20-3d0f-4206-a14f-adb7be22c54f,Mexican Main Course,Mexican style kitchen main course.,file:///data/user/0/host.exp.exponent/cache/ExperienceData/%2540anonymous/9721ac53-4ba8-4d78-b8c0-1ef90f5e5088,2 people,https://youtu.be/aVHOHyzv?si=vnmPAfaX,2 hours,"butter, garlic, pork, milk, egg",5d83d431-89c0-4e8a-a748-1b6cc87b2dd4,0,Let it rest after cooking. Fresh lime will enhance the flavors.
9eff541b-4240-4393-8a65-c6a2b8806846,American Soup,American style bar soup.,file:///data/user/0/host.exp.exponent/cache/ExperienceData/%2540anonymous/4a359845-9846-42fe-8910-015c1528a268,2 people,https://youtu.be/AjqNULQD?si=YmOSVKXu,2 hours,"onion, cheese, chicken, flour, butter",362327af-148d-4029-9349-cf5ae898aefd,0,Let it rest after cooking. Do not overmix when making muffins.
4735d67b-e23b-4acd-b33e-c14ac3c5c121,Mexican Soup,Mexican style early soup.,file:///data/user/0/host.exp.exponent/cache/ExperienceData/%2540anonymous/49cba667-1bf4-4ab6-85bb-866f6814a460,1 person,https://youtu.be/RZtgTjiQ?si=nfAleFRv,2 hours,"flour, pepper, sugar, beef, basil",0245d28c-3a97-418a-83ad-4d8f61a02e89,0,Make sure to season well. Fresh lime will enhance the flavors.
616913da-ab25-4794-89fd-51783e47bcfe,Mexican Salad,Mexican style whom salad.,file:///data/user/0/host.exp.exponent/cache/ExperienceData/%2540anonymous/651b6398-92ed-4e7b-9c0b-4693bc83428e,4 people,https://youtu.be/zMosrmYR?si=SwdwmuSK,2 hours,"chicken, garlic, butter, beef, pork",ac50fe55-08d8-4013-b6e1-9294fa9e05b0,0,Let it rest after cooking. Fresh lime will enhance the flavors.
5d5b2c91-f360-499a-a375-a33a9802cdb2,American Salad,American style court salad.,file:///data/user/0/host.exp.exponent/cache/ExperienceData/%2540anonymous/be4ea948-a54e-47fd-9da5-a9678e78e21f,2 people,https://youtu.be/TYQtxrYR?si=jSrGekyZ,1 hour,"flour, chicken, onion, sugar, cinnamon",ee3fcfe4-e645-4fbc-94c5-8e191f545edb,0,Use fresh ingredients for better flavor. Do not overmix when making muffins.
da8e1ce5-266c-4fc7-947b-88de03808026,Chinese Snack,Chinese style can snack.,file:///data/user/0/host.exp.exponent/cache/ExperienceData/%2540anonymous/e6a8e633-c1f9-4a9d-899b-1dd713b07e7c,1 person,https://youtu.be/JngoEAcH?si=wZoMuOHv,2 hours,"garlic, cheese, pepper, onion, flour, butter",48911860-c45b-4c34-bc70-1e31f40eff24,0,Let it rest after cooking. Sesame oil can add a great flavor to stir-fries.
d00933b6-3fa6-4e31-9fa1-de994b271c19,Indian Main Course,Indian style base main course.,file:///data/user/0/host.exp.exponent/cache/ExperienceData/%2540anonymous/0e6f65b6-980b-4a11-8ab1-a6d8f7c0c3b5,4 people,https://youtu.be/kOKCDqEs?si=RwiQMndP,45 minutes,"cinnamon, milk, egg",1a0b79c6-7cea-4112-b1a0-de2c063707e1,0,Let it rest after cooking. Adjust the amount of spices if you prefer less heat.
ff0c00ea-de73-47a1-b7d1-7939cbe704b3,Mexican Snack,Mexican style show snack.,file:///data/user/0/host.exp.exponent/cache/ExperienceData/%2540anonymous/19c56762-7097-4b55-8d6a-0fef7a9b5d66,6 people,https://youtu.be/fDBgCkQX?si=AEnftMNU,45 minutes,"basil, chicken, onion, flour, sugar, beef",c4022512-a228-4752-bc73-b31bceb09858,0,Use fresh ingredients for better flavor. Fresh lime will enhance the flavors.
6c58d308-404c-44ba-bd3f-f3e036e1880f,Chinese Main Course,Chinese style half main course.,file:///data/user/0/host.exp.exponent/cache/ExperienceData/%2540anonymous/f8916f53-1b0a-415f-9444-6e7e0871574a,6 people,https://youtu.be/jeVigrVt?si=madYLNfu,45 minutes,"garlic, basil, cinnamon",1aa2628d-253f-415f-9640-3d949611c890,0,Always taste as you go. Sesame oil can add a great flavor to stir-fries.
fb9aaa02-85e4-4fa8-ae21-ddcd750aa87c,Indian Snack,Indian style best snack.,file:///data/user/0/host.exp.exponent/cache/ExperienceData/%2540anonymous/eca50164-dbdc-4d92-a32a-28c716214614,4 people,https://youtu.be/KEcCMwWM?si=IWACTXUd,45 minutes,"egg, milk, sugar, pork, beef",39c37437-c727-450b-9836-f1a3f96f3bd4,0,Let it rest after cooking. Adjust the amount of spices if you prefer less heat.
271755fb-1b75-4a99-b6d4-d2508a38b5ce,Mexican Snack,Mexican style health snack.,file:///data/user/0/host.exp.exponent/cache/ExperienceData/%2540anonymous/a0ad01a4-bd39-4010-a88c-fe52951ba38d,2 people,https://youtu.be/QGYwKsRk?si=Kcmhdghn,30 minutes,"cinnamon, milk, garlic, egg",20656fb0-2b15-42fe-8065-ac3252932555,0,Use fresh ingredients for better flavor. Fresh lime will enhance the flavors.
d31d9cf3-2b21-4024-8fce-b29fea42d442,Indian Main Course,Indian style better main course.,file:///data/user/0/host.exp.exponent/cache/ExperienceData/%2540anonymous/79f43411-2a0a-46c8-98ff-ee20be371a59,6 people,https://youtu.be/dwQJDFrn?si=hOKGdTaf,45 minutes,"butter, cinnamon, pork, beef",192b73ee-718e-4a60-aa02-a03aaefc0c8d,0,Let it rest after cooking. Adjust the amount of spices if you prefer less heat.
434f9f74-719c-43f0-90b5-4826b0b5f9a9,Mexican Main Course,Mexican style movie main course.,file:///data/user/0/host.exp.exponent/cache/ExperienceData/%2540anonymous/7b8f9ccd-b698-4911-8278-5caffc6ce394,6 people,https://youtu.be/xvIEfGVZ?si=yavlpWBP,2 hours,"sugar, onion, cinnamon, garlic",0111259a-c5cb-459b-9231-fca2b8f9b6b3,0,Let it rest after cooking. Fresh lime will enhance the flavors.
24a190b0-2def-49c6-976c-cde781e8abeb,American Dessert,American style try dessert.,file:///data/user/0/host.exp.exponent/cache/ExperienceData/%2540anonymous/35598ee6-14f3-4da6-94f2-75e080d8d06d,6 people,https://youtu.be/nwheYVZn?si=tewtmneB,2 hours,"basil, chicken, beef",bc6cabed-4f1b-4cae-9a53-1d601c4c3a3b,0,Make sure to season well. Do not overmix when making muffins.
dfb50341-5a03-4450-aa70-2a9ea318495c,Indian Soup,Indian style section soup.,file:///data/user/0/host.exp.exponent/cache/ExperienceData/%2540anonymous/150b5504-e535-4833-8921-60f694078c7f,1 person,https://youtu.be/hErpzNRz?si=TTKzxzEB,30 minutes,"beef, garlic, sugar, tomato",b7085c10-78d5-4a6a-ad3e-582390876545,0,Use fresh ingredients for better flavor. Adjust the amount of spices if you prefer less heat.
6aa09bbe-e679-405f-8d81-ce503305bef6,Chinese Soup,Chinese style class soup.,file:///data/user/0/host.exp.exponent/cache/ExperienceData/%2540anonymous/0bb2a95a-be70-4644-84d8-93e7e066e59c,4 people,https://youtu.be/XbwcwAFn?si=zKHTcJGA,45 minutes,"flour, pepper, egg, tomato, pork",061f0988-840c-4921-9c5e-123ee172912e,0,Use fresh ingredients for better flavor. Sesame oil can add a great flavor to stir-fries.
915d4659-db4c-4515-bac5-e7a44534b014,Chinese Snack,Chinese style would snack.,file:///data/user/0/host.exp.exponent/cache/ExperienceData/%2540anonymous/42023e34-b95a-419b-b44c-2049e73e76ec,4 people,https://youtu.be/vwzCoCMQ?si=YTdAViIb,45 minutes,"basil, sugar, cinnamon, onion, pork, pepper",46db4d6d-e82c-45e6-97a8-7a6393b24a9c,0,Use fresh ingredients for better flavor. Sesame oil can add a great flavor to stir-fries.
3b5b802f-b95a-4a28-b235-1f66ea4fef39,Italian Soup,Italian style mean soup.,file:///data/user/0/host.exp.exponent/cache/ExperienceData/%2540anonymous/bf1f14e9-b345-4ffd-83e9-2acc42f1453e,4 people,https://youtu.be/bgXCBglN?si=waaFbKqr,2 hours,"pepper, beef, cinnamon, flour, egg, butter",04c7c9c0-2d75-4594-b4d9-b9c8b96424cc,0,Make sure to season well. Use olive oil for an authentic taste.
448e5bdf-860c-4278-aa83-0f0fc9939233,Chinese Dessert,Chinese style step dessert.,file:///data/user/0/host.exp.exponent/cache/ExperienceData/%2540anonymous/612008e9-eed9-4bb8-8556-3355074c068e,1 person,https://youtu.be/AQjwbJOu?si=euxxTTAc,45 minutes,"basil, flour, chicken, garlic, pork, cinnamon",e9014ad2-8e65-43c4-9b8c-a2f5f426d558,0,Make sure to season well. Sesame oil can add a great flavor to stir-fries.
62ebed48-e5de-4b89-aa3d-1e9197da3223,Chinese Main Course,Chinese style policy main course.,file:///data/user/0/host.exp.exponent/cache/ExperienceData/%2540anonymous/229a5986-e65b-49bc-9904-ecb26da1c928,1 person,https://youtu.be/DYRgopRo?si=dbHBxPGl,1 hour,"pepper, egg, cinnamon, butter, flour, tomato",d15de82f-935a-47ea-8d40-4113c8f099b3,0,Always taste as you go. Sesame oil can add a great flavor to stir-fries.
770d86cb-a926-4d7c-8636-bd1c599068c1,Indian Snack,Indian style listen snack.,file:///data/user/0/host.exp.exponent/cache/ExperienceData/%2540anonymous/d58ac6ba-fb5c-45dd-bb99-30038e01c057,6 people,https://youtu.be/ZPphQavf?si=ordmiLFN,2 hours,"beef, cinnamon, tomato, garlic",d0198b52-907e-4647-9452-a2c2883a62ed,0,Always taste as you go. Adjust the amount of spices if you prefer less heat.
dcb9fea9-4f14-4192-b881-1dd616ed7983,American Snack,American style those snack.,file:///data/user/0/host.exp.exponent/cache/ExperienceData/%2540anonymous/b92159de-1f84-4367-8a72-b42e61e3ad3a,2 people,https://youtu.be/iqDTDIJN?si=bvadfSoe,1 hour,"egg, tomato, beef, onion, butter, pepper",3fed35fe-7c9f-4a8e-b492-ce1b182ebef6,0,Make sure to season well. Do not overmix when making muffins.
4865b203-be0d-4a21-94f1-766a45f1d3d1,American Snack,American style world snack.,file:///data/user/0/host.exp.exponent/cache/ExperienceData/%2540anonymous/439a126d-50a3-42c2-a383-bbcf80330d3e,6 people,https://youtu.be/UnGSWYvW?si=LvfsNhpm,45 minutes,"basil, butter, milk",cf2ea09f-09e5-444b-a2e0-70c334bdbe97,0,Let it rest after cooking. Do not overmix when making muffins.
21f75862-e386-4059-83f6-e37c210ae34d,Mexican Salad,Mexican style take salad.,file:///data/user/0/host.exp.exponent/cache/ExperienceData/%2540anonymous/eec36792-da77-407b-9e01-2edb67d46ce4,6 people,https://youtu.be/WtGoKDTN?si=tVHDRqqN,2 hours,"tomato, chicken, onion, egg, pork",0f13cbab-cc01-4e16-b3e6-68d5fecd5b6e,0,Make sure to season well. Fresh lime will enhance the flavors.
a279ba3a-9bed-424e-bc7d-1ec64aac762b,Mexican Soup,Mexican style fly soup.,file:///data/user/0/host.exp.exponent/cache/ExperienceData/%2540anonymous/49b0e931-2b80-46fd-b530-cd5a755578ad,1 person,https://youtu.be/FAQKPOmK?si=ZqCtSHDx,1 hour,"milk, cinnamon, chicken, egg",67ad34fc-b37b-4107-abb1-efd9ef8ad998,0,Let it rest after cooking. Fresh lime will enhance the flavors.
7d797648-67f8-44ca-8fa4-b97c88766b40,Italian Main Course,Italian style conference main course.,file:///data/user/0/host.exp.exponent/cache/ExperienceData/%2540anonymous/56c143e0-4f9f-40aa-8bfe-82cc4b89a1a0,6 people,https://youtu.be/nhxCvSbu?si=eqRwRqcA,1 hour,"basil, milk, cheese, tomato, flour",a821eed1-f824-4abd-845e-73054f17978b,0,Make sure to season well. Use olive oil for an authentic taste.
4d497a06-3837-4068-91fd-eee573793184,American Dessert,American style between dessert.,file:///data/user/0/host.exp.exponent/cache/ExperienceData/%2540anonymous/74d6fc0f-3fbd-4977-9aa2-35abd3913529,6 people,https://youtu.be/JgfXgtEp?si=mrimUClW,1 hour,"butter, cheese, chicken, sugar",881964bb-bbc6-45cc-bf82-9d7880933088,0,Make sure to season well. Do not overmix when making muffins.
0604540f-d261-4c02-9ba5-6d54c8cc2dfb,Chinese Soup,Chinese style read soup.,file:///data/user/0/host.exp.exponent/cache/ExperienceData/%2540anonymous/5b31de3b-465c-41a8-8485-b6d33e656f3c,4 people,https://youtu.be/rvpJbsQT?si=eJTKPnFq,2 hours,"butter, sugar, basil, garlic",7dfc1ce3-be57-4cb7-a5f6-51370bb73a79,0,Make sure to season well. Sesame oil can add a great flavor to stir-fries.
06518312-245f-46b3-8247-991addf29366,Mexican Main Course,Mexican style kid main course.,file:///data/user/0/host.exp.exponent/cache/ExperienceData/%2540anonymous/9b7a03c7-4d5a-40d8-9682-fc7053275a0e,2 people,https://youtu.be/POagnzKz?si=PUHqyNoD,2 hours,"cheese, cinnamon, egg, milk",1040b338-1c9f-4dae-a2fc-86f673dfc162,0,Make sure to season well. Fresh lime will enhance the flavors.
bf8e2e13-1c93-45ef-aca8-3b286257b049,American Main Course,American style responsibility main course.,file:///data/user/0/host.exp.exponent/cache/ExperienceData/%2540anonymous/a799ab1c-8ed7-468e-818a-b684f55804d7,6 people,https://youtu.be/FXbLTLoj?si=xzhIgPDw,30 minutes,"milk, basil, tomato",5b5b381f-d8a4-47c7-831a-b01b8607a1c7,0,Make sure to season well. Do not overmix when making muffins.
25385d05-7883-40e1-85c7-d11c3036c366,Indian Soup,Indian style tree soup.,file:///data/user/0/host.exp.exponent/cache/ExperienceData/%2540anonymous/2e5fdf1d-8b60-4d62-815c-490195dfacfa,6 people,https://youtu.be/CUWyZMjK?si=hXcRSDFC,30 minutes,"garlic, milk, pork",0cebf827-d0ab-4902-b979-5eb04546f1c7,0,Always taste as you go. Adjust the amount of spices if you prefer less heat.
e0990187-f610-484d-a534-3dfc224b7494,Italian Salad,Italian style community salad.,file:///data/user/0/host.exp.exponent/cache/ExperienceData/%2540anonymous/7131d51d-4a64-41c9-a138-5ad82db7898b,2 people,https://youtu.be/hqXWfRKs?si=dqrXPgXE,2 hours,"pepper, tomato, beef, pork, cheese, milk",52081231-fec9-432a-95b1-201c5607c346,0,Use fresh ingredients for better flavor. Use olive oil for an authentic taste.
b763409e-7fab-4e7d-90a6-e63a06c55caa,Mexican Soup,Mexican style room soup.,file:///data/user/0/host.exp.exponent/cache/ExperienceData/%2540anonymous/f83b6d0d-92b4-4d85-b31a-145c36f1f6fe,1 person,https://youtu.be/UeoIHEGb?si=OdDjHezX,1 hour,"cheese, butter, pork",a2d37917-c4e2-45e2-84e0-91b88d3ad297,0,Make sure to season well. Fresh lime will enhance the flavors.
f97e9047-1e8c-437f-8d97-f822eacffd8b,Mexican Main Course,Mexican style good main course.,file:///data/user/0/host.exp.exponent/cache/ExperienceData/%2540anonymous/d62aca54-98fc-4d43-83f2-24fbdba37aa0,1 person,https://youtu.be/xvBaHDQv?si=LRpERQwr,2 hours,"chicken, pepper, onion",209ba2b3-0753-43ee-bb5a-1df4fc5a1589,0,Let it rest after cooking. Fresh lime will enhance the flavors.
af963d27-8a3c-49c6-843e-3081942af15d,Italian Dessert,Italian style write dessert.,file:///data/user/0/host.exp.exponent/cache/ExperienceData/%2540anonymous/5e1a79f2-c3b7-4aee-8605-287842c2da9f,2 people,https://youtu.be/HwIcVxDZ?si=ustydopK,2 hours,"pepper, pork, cinnamon",148b16ea-e7c4-46b2-b37c-69f7b1ea8787,0,Make sure to season well. Use olive oil for an authentic taste.
cbb8ac46-6823-4c46-b0fe-00740d6c75be,Chinese Soup,Chinese style organization soup.,file:///data/user/0/host.exp.exponent/cache/ExperienceData/%2540anonymous/05e7af53-12de-4eb9-afc2-6369efa1607e,1 person,https://youtu.be/QpOtGVaU?si=smskmkva,1 hour,"tomato, basil, flour, beef",9ec160f0-3d63-4fd6-b6f8-a7afa6c40f65,0,Use fresh ingredients for better flavor. Sesame oil can add a great flavor to stir-fries.
8cbafa1e-f551-4ca8-9390-a8adb7d33cdb,American Soup,American style allow soup.,file:///data/user/0/host.exp.exponent/cache/ExperienceData/%2540anonymous/a20f72cb-66ff-4c38-a370-1f1e3b29323e,2 people,https://youtu.be/dAHnDHJW?si=cxOOaVYy,1 hour,"butter, flour, basil, egg, cinnamon, onion",711713a0-ede2-4942-921e-02cf8cae3979,0,Let it rest after cooking. Do not overmix when making muffins.
9fe4332f-e46a-4382-be82-835020851f9c,Indian Snack,Indian style suggest snack.,file:///data/user/0/host.exp.exponent/cache/ExperienceData/%2540anonymous/9761b6dd-8eb2-4e5a-a06b-9431f97a940c,1 person,https://youtu.be/jHZRztfB?si=mlktAQfD,45 minutes,"onion, tomato, pepper, pork, cheese",7946fc89-ac84-4e8f-be5a-76bef1ed0690,0,Always taste as you go. Adjust the amount of spices if you prefer less heat.
6d38ca0a-60df-454e-bd7f-b083d08193eb,American Main Course,American style traditional main course.,file:///data/user/0/host.exp.exponent/cache/ExperienceData/%2540anonymous/7e1bfb3f-bbf3-4e8e-930f-e5f031859513,2 people,https://youtu.be/kydwRqWH?si=Hacsvhlt,2 hours,"chicken, flour, cinnamon, butter",3492e31d-f2b2-4384-b47f-b6587e229bac,0,Make sure to season well. Do not overmix when making muffins.
c2ef71d6-2a3a-48ba-8afc-ee166d374ee0,Italian Dessert,Italian style increase dessert.,file:///data/user/0/host.exp.exponent/cache/ExperienceData/%2540anonymous/271608e2-f592-4506-8370-c5b178f916e1,6 people,https://youtu.be/XzThtMvE?si=usDkLWjh,1 hour,"butter, sugar, onion, cinnamon, milk, pork",735359d8-c6a4-4884-951b-37e410ef40ea,0,Use fresh ingredients for better flavor. Use olive oil for an authentic taste.
29a6393a-4d9a-4d96-8ef4-ac524d25b535,American Soup,American style company soup.,file:///data/user/0/host.exp.exponent/cache/ExperienceData/%2540anonymous/696e8003-c7b3-44ab-82bd-ebc1c17975e8,1 person,https://youtu.be/HxSyZfhC?si=sDlIKJJD,1 hour,"onion, chicken, milk, sugar, tomato, egg",ed5cb5b7-4df3-4fd9-84ba-f10b07a9e7c8,0,Let it rest after cooking. Do not overmix when making muffins.
f7ebed8a-ff8a-4495-945e-dfbf30196001,Mexican Soup,Mexican style different soup.,file:///data/user/0/host.exp.exponent/cache/ExperienceData/%2540anonymous/5c0ae6a6-e706-4b62-b3b0-88435d1c52be,2 people,https://youtu.be/LSMLsDJl?si=KGaysHRp,45 minutes,"pepper, garlic, cheese, egg, basil, milk",e02efb23-78f3-49ce-a638-9cd7c70e9c73,0,Let it rest after cooking. Fresh lime will enhance the flavors.
3fa8bbb5-d46a-477e-82c6-b6d0fd3358fd,Italian Salad,Italian style sense salad.,file:///data/user/0/host.exp.exponent/cache/ExperienceData/%2540anonymous/669606b2-4a3d-43de-bd13-a60ff89c953a,6 people,https://youtu.be/PoHAWBJF?si=szZPXszN,2 hours,"butter, egg, cheese, beef, basil, garlic",ee731a7a-ad03-4b78-8eb9-07cd363b23b4,0,Let it rest after cooking. Use olive oil for an authentic taste.
f8300d2a-bd92-43a3-81b3-f91f51e66ed8,American Soup,American style sea soup.,file:///data/user/0/host.exp.exponent/cache/ExperienceData/%2540anonymous/7ce0b657-0d52-4d70-b1ae-a0f709ac3394,4 people,https://youtu.be/hlhmqBjk?si=SByuFHlA,45 minutes,"basil, pepper, cinnamon, pork, butter, flour",b7e1331b-57b2-4a85-9f45-fc88b0a2663f,0,Let it rest after cooking. Do not overmix when making muffins.
f6254c36-50da-4a38-911e-b99d1479d4e6,Italian Snack,Italian style about snack.,file:///data/user/0/host.exp.exponent/cache/ExperienceData/%2540anonymous/8eb9291a-ea75-4e85-af44-f28e8eab88ca,6 people,https://youtu.be/XMuZbNXQ?si=lbynalHy,2 hours,"garlic, cinnamon, tomato, basil, pepper, chicken",23748c81-81e6-4c74-b4c8-f4074184bda8,0,Make sure to season well. Use olive oil for an authentic taste.
dacb4fc0-d909-4906-b996-e41d37cb9f15,American Dessert,American style resource dessert.,file:///data/user/0/host.exp.exponent/cache/ExperienceData/%2540anonymous/46b75fb7-e462-49c3-a2e9-734bdfa3b423,2 people,https://youtu.be/ZvTTGAFX?si=bNFxDasa,30 minutes,"butter, basil, tomato, pork, chicken, onion",0e4af561-ed2c-4243-aec0-68c92a27ad3c,0,Always taste as you go. Do not overmix when making muffins.
4417ff8e-f9ad-40e3-a4be-46b5375ad370,Italian Soup,Italian style according soup.,file:///data/user/0/host.exp.exponent/cache/ExperienceData/%2540anonymous/01829e83-96df-4776-b446-01c934b123ba,1 person,https://youtu.be/kfAEIiWj?si=JSBsluvY,1 hour,"chicken, onion, basil",e5872200-9a54-4555-a217-0dceac6b7adf,0,Use fresh ingredients for better flavor. Use olive oil for an authentic taste.
4b120be3-8382-447b-aa30-7fd5051008f7,Chinese Dessert,Chinese style land dessert.,file:///data/user/0/host.exp.exponent/cache/ExperienceData/%2540anonymous/d04b63a6-c6cb-4373-9ace-2d4ca4290a07,4 people,https://youtu.be/YgnJACFo?si=CSXQmdIO,45 minutes,"milk, flour, pork, garlic, sugar",a8044df6-caba-41b7-a1b8-cdcc6c8681be,0,Let it rest after cooking. Sesame oil can add a great flavor to stir-fries.
a1d977b6-79cf-4da7-85b7-bd76a2a3930c,Indian Snack,Indian style prevent snack.,file:///data/user/0/host.exp.exponent/cache/ExperienceData/%2540anonymous/417cbdf3-d60d-4b41-b520-e374967eba56,4 people,https://youtu.be/mKjNuyuU?si=jmezshbd,45 minutes,"beef, butter, chicken, onion",4b16c2c8-6e84-44b6-9ec2-5f745b1b7a55,0,Always taste as you go. Adjust the amount of spices if you prefer less heat.
e571ec8e-c55c-4e12-bfe2-ff98d1f01ae7,American Snack,American style and snack.,file:///data/user/0/host.exp.exponent/cache/ExperienceData/%2540anonymous/e1dcfb76-9e78-4685-9e5b-ab92bd9338d2,6 people,https://youtu.be/VojzUSfT?si=kgEptWao,45 minutes,"garlic, beef, egg, cheese, flour",a56c6a1f-6dab-418d-8824-cef5d40a8700,0,Always taste as you go. Do not overmix when making muffins.
508e64ce-bec7-4c2f-8457-9c505bb415b6,Italian Snack,Italian style determine snack.,file:///data/user/0/host.exp.exponent/cache/ExperienceData/%2540anonymous/c65c3e97-6643-4ab3-9007-182d24ab4804,1 person,https://youtu.be/JLCgiGRf?si=MjIcNzTQ,2 hours,"sugar, cheese, pork, basil, egg",977ef6c6-5d2f-46a2-8999-b05236c6e6ad,0,Make sure to season well. Use olive oil for an authentic taste.
5b9084f2-a5e0-491b-80dd-cc68eabe4497,American Dessert,American style character dessert.,file:///data/user/0/host.exp.exponent/cache/ExperienceData/%2540anonymous/f55804d8-ce3c-4965-ac8e-3af81b528f3a,2 people,https://youtu.be/jHoYwUAB?si=iLdjYIPK,45 minutes,"flour, onion, egg, butter, garlic",1a8fee91-b815-4262-bc72-9e18a26b3a7a,0,Use fresh ingredients for better flavor. Do not overmix when making muffins.
73c154c2-d477-45bb-bbd2-048ab4e5a05a,Mexican Soup,Mexican style west soup.,file:///data/user/0/host.exp.exponent/cache/ExperienceData/%2540anonymous/650424a8-2557-4429-8b65-46ac53139ca1,6 people,https://youtu.be/kdjIFmpV?si=vRtQDzrr,45 minutes,"beef, milk, onion",d9a8b818-d065-488d-bc80-f95ca1cbf147,0,Use fresh ingredients for better flavor. Fresh lime will enhance the flavors.
045a702a-b8c8-4caa-aa70-7eb51af6fa8c,American Dessert,American style their dessert.,file:///data/user/0/host.exp.exponent/cache/ExperienceData/%2540anonymous/3e61038e-4373-4bd9-9c9f-105ae473b575,6 people,https://youtu.be/SSPafwZx?si=SeTRcoPA,1 hour,"flour, milk, pork, butter, cheese, sugar",b42ad715-8777-4e50-a40b-8694a8e51df5,0,Use fresh ingredients for better flavor. Do not overmix when making muffins.
8c425c68-ed7e-485e-9da5-c605b4440ede,Chinese Soup,Chinese style gun soup.,file:///data/user/0/host.exp.exponent/cache/ExperienceData/%2540anonymous/3554a605-3783-4f9d-840c-dd08dfdadaa2,6 people,https://youtu.be/CrqNIiOs?si=weTYKJJx,2 hours,"cheese, pork, tomato, cinnamon, flour",7ee71163-3f4c-429e-8e20-fd85b6d1e642,0,Make sure to season well. Sesame oil can add a great flavor to stir-fries.
9b718dcf-a09d-43e5-938c-dd4e4be9ac6d,Indian Soup,Indian style democratic soup.,file:///data/user/0/host.exp.exponent/cache/ExperienceData/%2540anonymous/60b626be-dc20-441a-a4d8-5f3c8ddf2da1,4 people,https://youtu.be/ZVHxoWFT?si=rRjUYvdv,30 minutes,"milk, cheese, pepper, chicken, beef",4aa42a70-8703-45f3-a8cc-8e1712109d91,0,Let it rest after cooking. Adjust the amount of spices if you prefer less heat.
b5753c8a-0b8b-47df-9d8d-219df528df14,Mexican Dessert,Mexican style difference dessert.,file:///data/user/0/host.exp.exponent/cache/ExperienceData/%2540anonymous/814ae028-2a28-480d-b700-d06d7b143698,6 people,https://youtu.be/HzWTYsQi?si=BHaYRlbP,2 hours,"garlic, beef, milk, sugar, cheese",32c370f8-98f3-4f89-9368-1d2540b9a580,0,Make sure to season well. Fresh lime will enhance the flavors.
72536914-9fe8-462b-a020-9ee62c2c8444,American Dessert,American style add dessert.,file:///data/user/0/host.exp.exponent/cache/ExperienceData/%2540anonymous/25f465f9-0d07-4c48-89ad-541dfaa90b2b,2 people,https://youtu.be/oaEvkGDD?si=ETRWFMWN,45 minutes,"chicken, pork, onion, sugar",42316eca-3bae-4ecc-8e91-272e0a4e93b8,0,Always taste as you go. Do not overmix when making muffins.
d591bd21-6c53-4020-b3ca-ffec0f76a3d3,American Snack,American style million snack.,file:///data/user/0/host.exp.exponent/cache/ExperienceData/%2540anonymous/28684e63-58b9-4465-b894-938bcdd816c1,1 person,https://youtu.be/GRdRAkIK?si=aUfMLKTd,30 minutes,"basil, cinnamon, flour, onion, tomato, pepper",6241166d-72d8-4adf-ad83-44c89e07ce7a,0,Use fresh ingredients for better flavor. Do not overmix when making muffins.
384516e2-6e9c-4e6e-9c2c-410f85547317,Indian Snack,Indian style daughter snack.,file:///data/user/0/host.exp.exponent/cache/ExperienceData/%2540anonymous/a4ef4bdd-cb4e-43c9-b55b-abaa47b81333,4 people,https://youtu.be/mWXffQQM?si=FQEEaZXD,1 hour,"flour, cinnamon, basil, milk, sugar",0315e63a-6064-4e0e-aa53-c484e1b4734e,0,Make sure to season well. Adjust the amount of spices if you prefer less heat.
262a1e5a-bad3-4c1e-8ead-49dfc28d57a5,Mexican Snack,Mexican style race snack.,file:///data/user/0/host.exp.exponent/cache/ExperienceData/%2540anonymous/06ef5a7a-c700-4c33-8f58-0a0e8ce689bb,1 person,https://youtu.be/xzMZMahg?si=vrMNHXxj,2 hours,"beef, tomato, garlic, cinnamon",01cd3815-c739-4bb0-83d0-b6ed649659ca,0,Let it rest after cooking. Fresh lime will enhance the flavors.
61a9515b-1d3b-48f8-8f40-8a7797a671fe,American Dessert,American style increase dessert.,file:///data/user/0/host.exp.exponent/cache/ExperienceData/%2540anonymous/e9de222a-7e93-4f28-a41f-a1317eb9b204,4 people,https://youtu.be/FqzHzGrj?si=rGnIBNCy,1 hour,"flour, sugar, egg, butter, pepper",c015de7e-168e-444a-ae8c-4f9d0b1d38d6,0,Use fresh ingredients for better flavor. Do not overmix when making muffins.
2a9f7f3f-6fc2-45dc-b4c4-16e0f4016e47,Indian Soup,Indian style truth soup.,file:///data/user/0/host.exp.exponent/cache/ExperienceData/%2540anonymous/35cf3c43-196e-41ef-aeb4-008171da246e,2 people,https://youtu.be/LrdEZDwu?si=KzABMMxs,30 minutes,"chicken, pork, milk, egg, cheese",ccd407a6-8618-4724-8a64-967d583eb967,0,Let it rest after cooking. Adjust the amount of spices if you prefer less heat.
edb142ae-735a-4d5d-a374-5879a01accce,Italian Dessert,Italian style until dessert.,file:///data/user/0/host.exp.exponent/cache/ExperienceData/%2540anonymous/a8b096df-9a98-46b9-80ee-904fd1215c68,2 people,https://youtu.be/uanScpnO?si=akUioEKF,45 minutes,"butter, pepper, basil, chicken, beef, onion",5d0cb12e-1ae3-42ef-821c-e73feaa4769c,0,Always taste as you go. Use olive oil for an authentic taste.
50a16167-1745-4b8b-b80f-336dac52a76d,Indian Salad,Indian style treatment salad.,file:///data/user/0/host.exp.exponent/cache/ExperienceData/%2540anonymous/3d36fd70-5c73-4d41-9d32-beb63b6c44a7,1 person,https://youtu.be/aiFQdqSo?si=HVJdNMnw,30 minutes,"chicken, pork, butter, beef, flour",79d446bd-a0b6-4f6a-ae82-3228f43723c5,0,Make sure to season well. Adjust the amount of spices if you prefer less heat.
e130b8aa-7e07-450c-af9a-cf4239d10140,Chinese Dessert,Chinese style reduce dessert.,file:///data/user/0/host.exp.exponent/cache/ExperienceData/%2540anonymous/3d91ad06-48f7-416d-99d5-e788008a1c15,2 people,https://youtu.be/mXCPOaPK?si=jTIdVQlR,2 hours,"butter, flour, milk, tomato, basil",d46b2207-7594-4c20-b998-5d25e9fe7e69,0,Use fresh ingredients for better flavor. Sesame oil can add a great flavor to stir-fries.
aaceb9e5-e7e5-4160-866f-332d29b3f958,Mexican Snack,Mexican style will snack.,file:///data/user/0/host.exp.exponent/cache/ExperienceData/%2540anonymous/0a6f2842-88dc-46a2-b501-feef858d0533,4 people,https://youtu.be/gsTYXPiK?si=PdekpVjq,30 minutes,"egg, beef, basil, butter, milk, cheese",0f0fe6de-1619-43fe-b075-150cb3f225c1,0,Let it rest after cooking. Fresh lime will enhance the flavors.
c0e209a7-9cd7-4ba3-a1b5-ba3a1c091473,Indian Main Course,Indian style note main course.,file:///data/user/0/host.exp.exponent/cache/ExperienceData/%2540anonymous/f607dbe5-90e0-4406-8ea0-5616eb466af3,1 person,https://youtu.be/wQwTxXvQ?si=XfGKNiRV,2 hours,"egg, pork, butter, beef, pepper",aaeb0ce5-c683-47a1-ae7f-dfd7ffad63d0,0,Make sure to season well. Adjust the amount of spices if you prefer less heat.
3b656031-11ec-429c-9bd2-8a129b50e18b,Chinese Salad,Chinese style consider salad.,file:///data/user/0/host.exp.exponent/cache/ExperienceData/%2540anonymous/b2cc60ff-a1d3-412a-9351-c7e9cae0d70f,1 person,https://youtu.be/jzKPYdVo?si=whPiPPtH,45 minutes,"pepper, sugar, cheese",c4423b0a-806c-4c4c-a498-061552d35abc,0,Use fresh ingredients for better flavor. Sesame oil can add a great flavor to stir-fries.
120092af-12c5-4841-97aa-824268d86159,Mexican Soup,Mexican style media soup.,file:///data/user/0/host.exp.exponent/cache/ExperienceData/%2540anonymous/264b14e2-045a-4218-a66f-ca0bb06d3ee7,1 person,https://youtu.be/ARacnsfc?si=ZqZIgZeU,30 minutes,"sugar, butter, flour, chicken, cinnamon, milk",1d6d4e17-67fc-4122-828e-6b72b403075c,0,Use fresh ingredients for better flavor. Fresh lime will enhance the flavors.
005c47d8-cd57-4d36-b78b-303118f136fc,Italian Salad,Italian style front salad.,file:///data/user/0/host.exp.exponent/cache/ExperienceData/%2540anonymous/14cc317f-9a07-4c9b-a145-ff4ad3f3d450,4 people,https://youtu.be/ixBThSKc?si=PinUEIwT,2 hours,"butter, garlic, sugar",b98776fe-051c-40ee-a600-c825f3d701fc,0,Let it rest after cooking. Use olive oil for an authentic taste.
ffb5f6b5-0ccc-48dd-915d-96b5c7a5d32b,Indian Dessert,Indian style policy dessert.,file:///data/user/0/host.exp.exponent/cache/ExperienceData/%2540anonymous/d7652b62-4223-4494-b082-7356c60fd9fb,4 people,https://youtu.be/GgxlLZNM?si=CTbBwkzk,30 minutes,"flour, egg, basil",f3562a1e-cfc3-4a89-a15f-454c7bfdd126,0,Use fresh ingredients for better flavor. Adjust the amount of spices if you prefer less heat.
fe40d23a-003f-40d6-92d8-47030a92b4bc,Chinese Snack,Chinese style sense snack.,file:///data/user/0/host.exp.exponent/cache/ExperienceData/%2540anonymous/0734b224-32b2-444b-8fc1-e930d1ad888b,6 people,https://youtu.be/urUaNGCg?si=XKhNxEnp,45 minutes,"beef, pepper, pork, chicken, garlic",a8eb2c9a-7bd0-477a-aade-a989a92d81d5,0,Let it rest after cooking. Sesame oil can add a great flavor to stir-fries.
38738335-e71f-4991-a457-ad25e8616367,Chinese Soup,Chinese style to soup.,file:///data/user/0/host.exp.exponent/cache/ExperienceData/%2540anonymous/2ed842d3-4bfb-4fab-a7e2-6be18151916a,1 person,https://youtu.be/OIDvsLUA?si=ImAeeWzg,2 hours,"garlic, chicken, tomato",0a132e53-614e-4f04-af42-5fdf073d4b47,0,Use fresh ingredients for better flavor. Sesame oil can add a great flavor to stir-fries.
a6fb0049-9ff7-4d75-b6ba-e454027fbecb,Indian Dessert,Indian style above dessert.,file:///data/user/0/host.exp.exponent/cache/ExperienceData/%2540anonymous/8e847e96-6b03-41b2-9bc9-01728cbb7eb1,6 people,https://youtu.be/ihDGRxir?si=OCsGJqSS,30 minutes,"sugar, egg, pork, tomato, cinnamon, flour",54442d85-d26a-4149-90f8-31438c487a76,0,Use fresh ingredients for better flavor. Adjust the amount of spices if you prefer less heat.
d6541015-12a5-4659-a7a3-07d51c4c0385,American Main Course,American style example main course.,file:///data/user/0/host.exp.exponent/cache/ExperienceData/%2540anonymous/7b39d0b8-2832-4b4b-a422-161bcabfb6ca,1 person,https://youtu.be/wQLwtHtU?si=JmsHqLlU,2 hours,"flour, tomato, butter, cheese, cinnamon, sugar",813ef0d5-43ed-466c-afef-fd298305c177,0,Always taste as you go. Do not overmix when making muffins.
b2703cbe-85f9-4894-a3ec-7d5843e9dc51,Indian Main Course,Indian style area main course.,file:///data/user/0/host.exp.exponent/cache/ExperienceData/%2540anonymous/80421055-6b55-4c57-8118-dfe405ca6ac6,2 people,https://youtu.be/lVNWtXoq?si=zyEMtGpw,1 hour,"flour, chicken, tomato, milk, pepper",69457ac9-3f49-4be3-9470-fdad4b4fca89,0,Always taste as you go. Adjust the amount of spices if you prefer less heat.
e2789a3c-44ed-4c5e-b50d-0fe0ba75c7fa,American Snack,American style ago snack.,file:///data/user/0/host.exp.exponent/cache/ExperienceData/%2540anonymous/b0e75336-1f4f-4fff-aa07-a101a00a0db2,6 people,https://youtu.be/kJFcYapW?si=dXriFoqg,30 minutes,"sugar, chicken, onion, beef, flour",13ef9b4d-ebca-497e-b0a2-e371b0f44216,0,Always taste as you go. Do not overmix when making muffins.
43e7a367-fc02-45dc-82b2-43ca7a80663a,Mexican Main Course,Mexican style whether main course.,file:///data/user/0/host.exp.exponent/cache/ExperienceData/%2540anonymous/6257e73c-d794-4367-9a2b-3a95392c3055,2 people,https://youtu.be/ZWKFmoIO?si=ujwSQjFL,45 minutes,"chicken, egg, butter",96a0e679-1048-4af6-bf18-d63ff11fe157,0,Use fresh ingredients for better flavor. Fresh lime will enhance the flavors.
a8eae4a0-e8ad-40cf-bff7-874e147a5741,Italian Snack,Italian style of snack.,file:///data/user/0/host.exp.exponent/cache/ExperienceData/%2540anonymous/890b2e20-3276-4d83-897e-369e11876dad,1 person,https://youtu.be/RLuFfTYG?si=PQecSrIK,45 minutes,"pork, beef, onion",b7ef315a-aede-432d-a863-67b89e83d4dc,0,Make sure to season well. Use olive oil for an authentic taste.
cc9e573a-a2e9-441d-87a2-a2d66718d980,Chinese Soup,Chinese style family soup.,file:///data/user/0/host.exp.exponent/cache/ExperienceData/%2540anonymous/c88054bb-c11d-4ab9-8907-6ef9b644daf8,1 person,https://youtu.be/VoxYZmOx?si=ePZnYiTO,1 hour,"egg, onion, tomato",c9609126-dabd-4aaa-b1e9-1ff390b75472,0,Always taste as you go. Sesame oil can add a great flavor to stir-fries.
53220990-9b93-4411-8023-a7e9c5276f37,Italian Main Course,Italian style fire main course.,file:///data/user/0/host.exp.exponent/cache/ExperienceData/%2540anonymous/b875733f-3558-4d17-9a85-0ef9a0fb8d85,1 person,https://youtu.be/uVnEidtO?si=EQzFesgF,1 hour,"beef, garlic, onion",cdbf0d9f-837f-41eb-ad3f-4d059b056ec5,0,Let it rest after cooking. Use olive oil for an authentic taste.
24b6eb24-fc2a-4a8f-a7c4-bb7074a62847,American Soup,American style case soup.,file:///data/user/0/host.exp.exponent/cache/ExperienceData/%2540anonymous/1d719928-8cd0-40f4-9a44-af357ca06ba0,4 people,https://youtu.be/hYFTpxAl?si=xDAHVyiz,45 minutes,"cinnamon, milk, butter, garlic, basil",95f4b2e8-0701-4b45-9785-6628a4d9012a,0,Make sure to season well. Do not overmix when making muffins.
b5930db5-cc80-4323-9415-6ca09d127b51,Italian Main Course,Italian style war main course.,file:///data/user/0/host.exp.exponent/cache/ExperienceData/%2540anonymous/7598804f-5245-48f2-91ba-41b720c88010,6 people,https://youtu.be/JJdzRzsX?si=iPmkppTd,45 minutes,"butter, flour, pepper, garlic, milk, sugar",b62e2393-1ada-429c-9cde-ab8f97920619,0,Use fresh ingredients for better flavor. Use olive oil for an authentic taste.
c551b6db-a847-4caf-bc27-9fc40a6fd9ec,Indian Snack,Indian style I snack.,file:///data/user/0/host.exp.exponent/cache/ExperienceData/%2540anonymous/fdf76fa1-a7b7-475f-9852-4fc1c018c953,4 people,https://youtu.be/DWeLOpsS?si=WJvshedN,45 minutes,"garlic, chicken, egg, basil, flour, sugar",68ff9e2c-9dee-45be-ad8b-0c669f2f494b,0,Always taste as you go. Adjust the amount of spices if you prefer less heat.
d105d3f5-329e-4403-9ef6-9fc1a59550e4,Chinese Main Course,Chinese style south main course.,file:///data/user/0/host.exp.exponent/cache/ExperienceData/%2540anonymous/72f798b3-1da0-4c7d-834a-f4ad145d6c32,6 people,https://youtu.be/UsgbBdLb?si=xOUNlWfr,30 minutes,"butter, sugar, flour, egg, milk, pork",a3a179bf-5184-48b2-9921-552b08c35476,0,Always taste as you go. Sesame oil can add a great flavor to stir-fries.
6c905685-ee6f-4242-989a-35acfac852cf,Indian Salad,Indian style structure salad.,file:///data/user/0/host.exp.exponent/cache/ExperienceData/%2540anonymous/f51f6d36-89ac-4fe4-a0a7-31ce1632449d,4 people,https://youtu.be/msYaObCe?si=azurHLRN,30 minutes,"sugar, garlic, milk, cheese, beef",3c25d328-67d0-4565-9cdd-8289f6e46c3f,0,Always taste as you go. Adjust the amount of spices if you prefer less heat.
a868328e-a6d7-4414-be99-c078cf315295,Italian Snack,Italian style film snack.,file:///data/user/0/host.exp.exponent/cache/ExperienceData/%2540anonymous/e64ba85b-e59b-4ab7-8d11-67e20d8088f1,4 people,https://youtu.be/szViwpPW?si=tUYwlAkB,30 minutes,"cinnamon, garlic, butter, milk, flour, basil",0e868f87-9615-47a0-b6d1-37ddf149c83a,0,Let it rest after cooking. Use olive oil for an authentic taste.
e4bfee66-2fe8-41d8-b8e7-2e152f36b3a1,Indian Salad,Indian style light salad.,file:///data/user/0/host.exp.exponent/cache/ExperienceData/%2540anonymous/ab6d3030-4f30-408a-8f61-0607e97f2e36,2 people,https://youtu.be/OXAdZnaG?si=tEwJTOvr,30 minutes,"onion, sugar, tomato, garlic",73255b15-82f8-42cd-9c50-8df3d2ccca7e,0,Use fresh ingredients for better flavor. Adjust the amount of spices if you prefer less heat.
e1578b6f-4b2b-4b83-8b2d-a5d0130c3024,Italian Snack,Italian style create snack.,file:///data/user/0/host.exp.exponent/cache/ExperienceData/%2540anonymous/b2953716-b453-406e-be5f-afcfe7f736dc,1 person,https://youtu.be/YnrSIRhX?si=xcHJAYvc,1 hour,"basil, cheese, onion, pepper",09a186fb-a960-45a7-9d4f-841fa81cb50a,0,Let it rest after cooking. Use olive oil for an authentic taste.
652a075f-3217-449f-9593-7f83b08e5152,Mexican Snack,Mexican style know snack.,file:///data/user/0/host.exp.exponent/cache/ExperienceData/%2540anonymous/85562682-9a42-4e8d-808d-f89a3cceedb5,4 people,https://youtu.be/kADBMyAG?si=LgxYttdh,30 minutes,"pork, chicken, sugar, cheese, flour",4b7d6d4e-df0f-435d-b816-8060747cc2dc,0,Make sure to season well. Fresh lime will enhance the flavors.
3a084e9d-0bc0-40a3-b063-a05587f0dfbf,Mexican Dessert,Mexican style last dessert.,file:///data/user/0/host.exp.exponent/cache/ExperienceData/%2540anonymous/3c4b4280-dfc8-4866-b48d-979bf9decfbe,4 people,https://youtu.be/NkhkZIdz?si=WePBGeDO,2 hours,"cinnamon, butter, tomato",45c24181-7516-46b4-832c-955e09657c51,0,Let it rest after cooking. Fresh lime will enhance the flavors.
f96a991e-a38e-4df9-a49e-b4e5b3c7fe29,American Snack,American style recently snack.,file:///data/user/0/host.exp.exponent/cache/ExperienceData/%2540anonymous/cf86825c-157e-4337-9b88-3ed49e2a91f0,2 people,https://youtu.be/ArOxGCqI?si=WptzbExq,30 minutes,"tomato, milk, chicken, basil",03533052-4d77-40eb-981b-ca45dd95399f,0,Always taste as you go. Do not overmix when making muffins.
8b1b1db3-1383-45ac-9642-1f410ae717cd,American Main Course,American style event main course.,file:///data/user/0/host.exp.exponent/cache/ExperienceData/%2540anonymous/4abc83ea-99e9-467f-a6f4-9ba3a360ec2c,1 person,https://youtu.be/hQVGUYoQ?si=SNLTywby,2 hours,"basil, flour, cheese, chicken",26788f09-e15b-4045-b4f9-9256811771d2,0,Let it rest after cooking. Do not overmix when making muffins.
29dd258a-672b-4b9c-9ec8-6a0b5f28a6f6,American Soup,American style attack soup.,file:///data/user/0/host.exp.exponent/cache/ExperienceData/%2540anonymous/810ed3ed-3fd2-480e-93e0-e2a3ef57f1cb,6 people,https://youtu.be/gjTdeYQN?si=JYzGgjnP,30 minutes,"pepper, sugar, garlic, cheese",aa5f13d9-19ec-45d6-b82d-6cd3895323e1,0,Always taste as you go. Do not overmix when making muffins.
8ab5aafe-c3b9-4248-a5e2-4f7193f36a6d,Chinese Soup,Chinese style others soup.,file:///data/user/0/host.exp.exponent/cache/ExperienceData/%2540anonymous/8ef8ff10-fae3-432d-b477-68268fd8ec5d,2 people,https://youtu.be/IbVPoTXz?si=MQXApOrJ,45 minutes,"pork, sugar, cinnamon, tomato, butter",2f2c6fc1-7996-4611-96f9-6db9820aac97,0,Always taste as you go. Sesame oil can add a great flavor to stir-fries.
16b13e79-0ea3-4070-bf05-c2b73046ed7c,Indian Salad,Indian style address salad.,file:///data/user/0/host.exp.exponent/cache/ExperienceData/%2540anonymous/1561e25e-c9da-4a1a-a897-7df2525da627,1 person,https://youtu.be/TixagyOn?si=xwFqpXaT,30 minutes,"sugar, garlic, chicken",ef4d9b58-b235-4718-8510-1243717d0528,0,Always taste as you go. Adjust the amount of spices if you prefer less heat.
88655ea4-37d8-4219-96f8-d7fa1e57976c,Mexican Main Course,Mexican style common main course.,file:///data/user/0/host.exp.exponent/cache/ExperienceData/%2540anonymous/e5147c90-b1a5-437f-a09d-f5a6d66f34d2,1 person,https://youtu.be/SPmeUoiz?si=FPANDSwd,1 hour,"chicken, milk, onion, sugar, flour, egg",8d846a23-3a7c-4cb2-bcad-0b42c446edc9,0,Always taste as you go. Fresh lime will enhance the flavors.
e4b79ec4-70b8-469c-b53d-c97773943c56,Chinese Snack,Chinese style month snack.,file:///data/user/0/host.exp.exponent/cache/ExperienceData/%2540anonymous/772f3dd4-0120-4e1a-921a-fafc788dbcb0,4 people,https://youtu.be/jbhnDDOL?si=mEcSOCWN,1 hour,"flour, garlic, sugar, cheese",4d259004-b24c-4fb0-9f69-00d5aef64cc1,0,Always taste as you go. Sesame oil can add a great flavor to stir-fries.
c1e7928c-0b66-40c8-bf9b-7a07bd97883c,Italian Main Course,Italian style cost main course.,file:///data/user/0/host.exp.exponent/cache/ExperienceData/%2540anonymous/8a39f95a-0bdf-4981-b06b-6f693f941c5d,1 person,https://youtu.be/GfMhtytc?si=kCdtVANp,1 hour,"onion, tomato, cinnamon, pork, egg, milk",40915790-8fc9-4dd2-bde8-73d7943781b1,0,Let it rest after cooking. Use olive oil for an authentic taste.
e12255ee-638d-45a3-9b43-a66e377bd4ba,Italian Dessert,Italian style ahead dessert.,file:///data/user/0/host.exp.exponent/cache/ExperienceData/%2540anonymous/b074497f-1db0-486a-9e88-3870ea425833,2 people,https://youtu.be/ZfqxJtyW?si=nttgrukI,45 minutes,"pepper, onion, basil, cinnamon, pork, garlic",656eb479-14c7-4b00-a027-ac5ce8ecb72e,0,Let it rest after cooking. Use olive oil for an authentic taste.
b4c3a2e3-8498-41e4-ae51-e1e37842e3d7,Mexican Salad,Mexican style building salad.,file:///data/user/0/host.exp.exponent/cache/ExperienceData/%2540anonymous/7c4c7d18-179c-4f88-9362-f59c5409e56c,4 people,https://youtu.be/HjvuXjks?si=PgUAdrZp,1 hour,"pork, tomato, milk, butter",4fd4657b-bb6d-455a-8955-441f4bf149d5,0,Let it rest after cooking. Fresh lime will enhance the flavors.
0e195468-261d-42c6-b7b8-6b6da2b181ab,Chinese Main Course,Chinese style option main course.,file:///data/user/0/host.exp.exponent/cache/ExperienceData/%2540anonymous/2c92151c-385a-4a9a-8c50-bb4d7624c7f4,4 people,https://youtu.be/lHxmEyJP?si=aKotcgPu,1 hour,"milk, onion, basil, egg, cinnamon, cheese",aebd8a31-ab87-45a8-98f4-7cf7ef9a1331,0,Always taste as you go. Sesame oil can add a great flavor to stir-fries.
00949601-0f98-4f3d-9618-79859ea44923,American Dessert,American style different dessert.,file:///data/user/0/host.exp.exponent/cache/ExperienceData/%2540anonymous/944c4a03-d004-41df-9917-6314ec308b47,1 person,https://youtu.be/yqyxEZtz?si=ISuPSUCU,45 minutes,"pepper, cheese, cinnamon",44e14393-077f-4b11-a583-ffe79506c30b,0,Always taste as you go. Do not overmix when making muffins.
8e277cac-dab8-4315-82ed-88d996f2d6cd,Italian Dessert,Italian style keep dessert.,file:///data/user/0/host.exp.exponent/cache/ExperienceData/%2540anonymous/9fdff260-f289-4198-b5f3-90b65f687da9,4 people,https://youtu.be/pIedGGOk?si=RtnHYopB,1 hour,"pork, onion, cheese",81e3f172-821b-4904-a976-0052f896ddac,0,Use fresh ingredients for better flavor. Use olive oil for an authentic taste.
8ca289c1-27b5-4f85-9b5d-77bcf5bc31fb,Mexican Dessert,Mexican style do dessert.,file:///data/user/0/host.exp.exponent/cache/ExperienceData/%2540anonymous/c6f38a20-d6bc-423e-9cb4-484e8528657e,6 people,https://youtu.be/NStCnpPk?si=skESXwdV,45 minutes,"chicken, cheese, flour",24c6a81d-fc29-460c-a632-a91a7a742a22,0,Always taste as you go. Fresh lime will enhance the flavors.
900b7f58-8897-44d0-982e-2f299c477597,Mexican Dessert,Mexican style window dessert.,file:///data/user/0/host.exp.exponent/cache/ExperienceData/%2540anonymous/dba668bc-599e-493a-b918-62cdb4ca9c12,2 people,https://youtu.be/UcxGPPWg?si=ohFVlhHK,2 hours,"basil, onion, sugar, cinnamon",4b4c957b-bfa6-4287-bb4d-35e866050d11,0,Use fresh ingredients for better flavor. Fresh lime will enhance the flavors.
806df0cc-554a-4659-b10b-1c93492ec6aa,Chinese Soup,Chinese style boy soup.,file:///data/user/0/host.exp.exponent/cache/ExperienceData/%2540anonymous/95bfdd53-2ea8-4b7d-9a61-09bd6ac23f04,2 people,https://youtu.be/cnbIkEpS?si=PVGYthLx,30 minutes,"milk, garlic, pork, butter, chicken",d85afc65-7d3b-4276-b718-ecfe3d676f4f,0,Use fresh ingredients for better flavor. Sesame oil can add a great flavor to stir-fries.
34b6d4e9-176c-46a2-b04b-fc03ae7edb44,Indian Soup,Indian style tree soup.,file:///data/user/0/host.exp.exponent/cache/ExperienceData/%2540anonymous/a89cd1fa-24d9-490c-b7e4-16ce1fedf53d,2 people,https://youtu.be/unOXISus?si=IoqYZpFo,1 hour,"cheese, garlic, onion, basil, egg",74257287-b544-4bac-8945-0130ce50b6d3,0,Make sure to season well. Adjust the amount of spices if you prefer less heat.
39fcca30-7d52-4d47-9476-a2a4bbb408f9,Mexican Dessert,Mexican style foot dessert.,file:///data/user/0/host.exp.exponent/cache/ExperienceData/%2540anonymous/16baabce-f46d-4256-8f97-f273df5d0cba,6 people,https://youtu.be/poVEAdhl?si=EWzasXLA,1 hour,"cinnamon, cheese, flour, garlic, beef",05e7d731-8124-454b-b15f-5b715205d36d,0,Always taste as you go. Fresh lime will enhance the flavors.
9f14a989-e2e4-408a-afc9-8e2573a4d94b,Chinese Main Course,Chinese style half main course.,file:///data/user/0/host.exp.exponent/cache/ExperienceData/%2540anonymous/66394709-44ce-4a2b-919d-0ce70b18e077,6 people,https://youtu.be/ZkgDofxD?si=ovTcmfjt,1 hour,"onion, egg, sugar, butter",a5f35c85-018f-4042-ade2-f10330570037,0,Always taste as you go. Sesame oil can add a great flavor to stir-fries.
c9dbfe85-3dab-45a9-908b-e722f443f15b,Chinese Dessert,Chinese style spend dessert.,file:///data/user/0/host.exp.exponent/cache/ExperienceData/%2540anonymous/b692892e-3b98-4db4-a3bd-330c25a3aa31,1 person,https://youtu.be/FpBEbyTL?si=gxXLPQlz,45 minutes,"cheese, cinnamon, chicken, pork, butter",a8e1f0ae-d5ca-423b-9bef-cee1b7dd7920,0,Make sure to season well. Sesame oil can add a great flavor to stir-fries.
12dd51d5-2627-4a07-8a70-ff6b8fec6549,Indian Main Course,Indian style home main course.,file:///data/user/0/host.exp.exponent/cache/ExperienceData/%2540anonymous/3910f5f3-fe24-42a2-b30d-322a807c82ab,6 people,https://youtu.be/VWbQjaSs?si=pMzaXJji,1 hour,"pepper, onion, sugar, milk, garlic",ede11086-5bf2-4b81-a110-4cbbb30aea29,0,Always taste as you go. Adjust the amount of spices if you prefer less heat.
d91f7d8c-7ea0-4190-94f6-ea74f51681e5,Mexican Soup,Mexican style eat soup.,file:///data/user/0/host.exp.exponent/cache/ExperienceData/%2540anonymous/a9751f0d-3f19-4968-97fa-a3758488feae,1 person,https://youtu.be/QanYmmmo?si=VnjsWLnw,45 minutes,"pepper, egg, garlic, sugar",83e9ef77-613d-4df2-acba-cbe2557c5525,0,Use fresh ingredients for better flavor. Fresh lime will enhance the flavors.
f11ce7d4-cf05-43c2-b0b8-bc0ee9c223b6,Indian Main Course,Indian style ask main course.,file:///data/user/0/host.exp.exponent/cache/ExperienceData/%2540anonymous/ab401cb1-191e-4985-9145-db9dbbc00ede,4 people,https://youtu.be/cwYtuJMZ?si=mezkAfll,1 hour,"milk, chicken, flour, garlic, butter, pepper",040d836d-776d-4aac-8fea-c670d2c99257,0,Let it rest after cooking. Adjust the amount of spices if you prefer less heat.
e552f00c-e622-45c1-af4c-686e1b579759,Indian Salad,Indian style rich salad.,file:///data/user/0/host.exp.exponent/cache/ExperienceData/%2540anonymous/fe85c4c4-cc18-418e-ac21-bac8da2e37e8,6 people,https://youtu.be/mahlUXLm?si=CauSDElW,45 minutes,"egg, milk, pork, cheese",49ad8e1e-6177-4900-a66b-db1e8b32d003,0,Always taste as you go. Adjust the amount of spices if you prefer less heat.
c450b967-dc63-4560-ae88-3cda2b4e8c1f,American Main Course,American style order main course.,file:///data/user/0/host.exp.exponent/cache/ExperienceData/%2540anonymous/8c28d155-9690-4c86-beae-2b2f1e3006fe,4 people,https://youtu.be/nwiOuIFC?si=uJZdptXR,45 minutes,"onion, cheese, egg, chicken, flour, tomato",35926a7f-06c0-47ae-87fd-c3c03065f41a,0,Use fresh ingredients for better flavor. Do not overmix when making muffins.
9fcf220b-9ffe-4e15-ab6b-51119702fcfb,Indian Dessert,Indian style several dessert.,file:///data/user/0/host.exp.exponent/cache/ExperienceData/%2540anonymous/6be424f8-338f-491b-90f9-a24a6e122cbc,4 people,https://youtu.be/IpymfAJj?si=xxQgbqwb,30 minutes,"cheese, butter, tomato, flour, chicken",4a4a7d86-b58c-4bf5-9ffb-7286aa2205e3,0,Always taste as you go. Adjust the amount of spices if you prefer less heat.
f9ef9727-81cd-43e1-ac6e-3a5c7d3a68f2,Italian Salad,Italian style only salad.,file:///data/user/0/host.exp.exponent/cache/ExperienceData/%2540anonymous/e0b5b9ef-a0ed-41d9-a15d-7111dd006c22,2 people,https://youtu.be/OALlqTbI?si=LgdcdbvU,2 hours,"pork, milk, sugar, egg, pepper, flour",4be22f57-bc72-4c82-a270-aff99478f94f,0,Make sure to season well. Use olive oil for an authentic taste.
26e89d22-6669-4e7a-84f4-020c76bde5bc,American Dessert,American style training dessert.,file:///data/user/0/host.exp.exponent/cache/ExperienceData/%2540anonymous/0a2aea13-8a1f-45f8-be8e-b684522be6f8,1 person,https://youtu.be/biewkjIY?si=aZMlwnRw,2 hours,"egg, beef, basil, chicken",1bb906e7-dd12-4bc4-b501-ba3cef24c153,0,Make sure to season well. Do not overmix when making muffins.
2259929b-931c-468f-9430-88338ead627c,Mexican Dessert,Mexican style if dessert.,file:///data/user/0/host.exp.exponent/cache/ExperienceData/%2540anonymous/ceddf22a-2365-4503-9791-29ff6a283340,6 people,https://youtu.be/ilsnYTmr?si=ZSewFvfF,30 minutes,"tomato, onion, basil, egg, cinnamon, garlic",15a4f362-af74-4ae1-8485-76e51288cb3e,0,Always taste as you go. Fresh lime will enhance the flavors.
483a6634-f31c-470a-bc47-02e4530e63b6,Italian Dessert,Italian style middle dessert.,file:///data/user/0/host.exp.exponent/cache/ExperienceData/%2540anonymous/06a04fbb-b168-4ab5-8fd5-b348b93e811a,6 people,https://youtu.be/aPzsQIIg?si=qDRLHjSs,1 hour,"cheese, flour, beef, cinnamon",4ca4d400-442e-46fd-a81c-91cea28fefaf,0,Use fresh ingredients for better flavor. Use olive oil for an authentic taste.
bf47059e-994b-49a2-baaf-c78e03c92502,Indian Dessert,Indian style common dessert.,file:///data/user/0/host.exp.exponent/cache/ExperienceData/%2540anonymous/9b15a29c-fed8-4696-b702-c517478c69ca,4 people,https://youtu.be/ncMFoVTx?si=TYbpNMNv,45 minutes,"pepper, sugar, flour, milk",3ac1a689-6ae9-462c-892c-fe9cbe287249,0,Let it rest after cooking. Adjust the amount of spices if you prefer less heat.
12b0af86-5722-4d84-9c14-e740d64ddbe8,Chinese Main Course,Chinese style current main course.,file:///data/user/0/host.exp.exponent/cache/ExperienceData/%2540anonymous/945a776b-fdd5-4d21-ac68-c88aace87ebb,4 people,https://youtu.be/Ufebvotm?si=CoTzIjzJ,2 hours,"flour, butter, onion, pepper, cheese, milk",aa835810-8ce1-4a1b-ae4e-4090fa5c2560,0,Always taste as you go. Sesame oil can add a great flavor to stir-fries.
532ec770-b2fe-4185-adfc-13e6361920b6,American Salad,American style across salad.,file:///data/user/0/host.exp.exponent/cache/ExperienceData/%2540anonymous/e0097fef-e083-43b9-957d-ae0597372a5d,2 people,https://youtu.be/beZqXjUm?si=yoBGYlaU,45 minutes,"milk, pepper, cinnamon, garlic, chicken",73e77659-b712-460c-9649-cecb04efd140,0,Let it rest after cooking. Do not overmix when making muffins.
fc440b51-4bc8-4d45-9d5a-9a62867984f0,American Main Course,American style day main course.,file:///data/user/0/host.exp.exponent/cache/ExperienceData/%2540anonymous/77444eff-eb6f-41b8-af84-5fde7511c2d2,2 people,https://youtu.be/NYeQGnwd?si=naGWCmuR,45 minutes,"egg, garlic, flour",a774d4f0-91df-47fe-a36f-8781d0aa31ab,0,Use fresh ingredients for better flavor. Do not overmix when making muffins.
3df02f3e-7be2-446b-8f14-78415f402304,Indian Main Course,Indian style second main course.,file:///data/user/0/host.exp.exponent/cache/ExperienceData/%2540anonymous/fa49d10b-15f3-4b3c-91e2-f9141d26aa7f,6 people,https://youtu.be/lPIxMTDb?si=cCynsBlo,2 hours,"garlic, chicken, butter, tomato, pork",4e96088d-8bd9-4bd1-869f-7c7d7b73a9ce,0,Make sure to season well. Adjust the amount of spices if you prefer less heat.
4febe2e3-fa22-418f-bb75-dfc75d03e489,Italian Soup,Italian style officer soup.,file:///data/user/0/host.exp.exponent/cache/ExperienceData/%2540anonymous/d0b43232-8ee1-4529-bced-bdb124ae92b1,2 people,https://youtu.be/sQCuhfZF?si=VhwveshR,30 minutes,"chicken, flour, tomato",ec2a0291-7f54-4b5f-bc53-39e1ae856181,0,Let it rest after cooking. Use olive oil for an authentic taste.
c7143f64-b51e-423c-b031-e3ff57cc52a1,American Dessert,American style continue dessert.,file:///data/user/0/host.exp.exponent/cache/ExperienceData/%2540anonymous/3351a4ac-5b20-424e-bf5d-19996d2ed5b6,1 person,https://youtu.be/DCxmjFBU?si=fogEonKH,45 minutes,"flour, milk, sugar, pepper",5de4ac1f-c34d-4d9a-b15e-3a14cc774389,0,Let it rest after cooking. Do not overmix when making muffins.
8affe39b-795d-4cb4-acd6-dbc96a3b7a7e,Italian Main Course,Italian style sport main course.,file:///data/user/0/host.exp.exponent/cache/ExperienceData/%2540anonymous/c8b3a340-3bec-425c-8450-91c64e221078,6 people,https://youtu.be/ixxRypVW?si=nrLXRxJG,1 hour,"butter, cheese, cinnamon, pepper, chicken",d3ce2576-da0a-4768-ac60-944ad156e27b,0,Always taste as you go. Use olive oil for an authentic taste.
f5842a39-8e43-4d41-99dd-c8638421822b,Chinese Soup,Chinese style skill soup.,file:///data/user/0/host.exp.exponent/cache/ExperienceData/%2540anonymous/9818a3d7-dab3-4a40-9b5e-d17c898e12fe,4 people,https://youtu.be/YcOylnuY?si=dvqbncMQ,2 hours,"sugar, tomato, onion",a11cb7a0-99d4-4624-bc57-ed09d1d2c2d0,0,Make sure to season well. Sesame oil can add a great flavor to stir-fries.
71a8689a-d547-4e20-843b-30766f35d25e,Indian Dessert,Indian style how dessert.,file:///data/user/0/host.exp.exponent/cache/ExperienceData/%2540anonymous/86009ee0-de8f-46d8-aabc-b1f3a5a6438c,6 people,https://youtu.be/fkenSUDW?si=knTdRzxF,45 minutes,"tomato, egg, basil, chicken",ee9751f9-b592-4217-b278-91902b885a85,0,Always taste as you go. Adjust the amount of spices if you prefer less heat.
f9e1bc81-fb73-4053-bd7d-037f83382e46,American Snack,American style effort snack.,file:///data/user/0/host.exp.exponent/cache/ExperienceData/%2540anonymous/aa960580-2fb8-44b9-971a-2aa6b2a2cb63,1 person,https://youtu.be/aPJBFupS?si=iBkNhCLg,45 minutes,"chicken, basil, beef, cinnamon, pork, garlic",e8df8ea0-2ec8-4316-b71f-de10cfe0fb0d,0,Always taste as you go. Do not overmix when making muffins.
417879a4-c2a5-4325-bbce-28fe3abee2a3,Indian Salad,Indian style late salad.,file:///data/user/0/host.exp.exponent/cache/ExperienceData/%2540anonymous/c6266289-a66b-4256-9bd4-362f2ee13993,4 people,https://youtu.be/jjIoLEQU?si=fiNJyXtv,1 hour,"milk, garlic, tomato",d36b3c66-64a7-4ff4-b46f-5fcbf7750e2e,0,Make sure to season well. Adjust the amount of spices if you prefer less heat.
688cc21c-168b-4726-b5ad-ca9711211694,Chinese Snack,Chinese style wait snack.,file:///data/user/0/host.exp.exponent/cache/ExperienceData/%2540anonymous/bba2d0c1-2687-46c0-97df-40656c9bf0a1,4 people,https://youtu.be/XpMbVhIi?si=PWPpmAGS,45 minutes,"chicken, milk, tomato, garlic, onion, butter",536f8fc8-b237-4a2a-8957-cf791c5701c3,0,Let it rest after cooking. Sesame oil can add a great flavor to stir-fries.
63c2cb64-78cd-4d74-81ff-3efb89c36b5d,Mexican Main Course,Mexican style fast main course.,file:///data/user/0/host.exp.exponent/cache/ExperienceData/%2540anonymous/7352663d-1f5f-437b-ae50-b8395a0d3234,2 people,https://youtu.be/LRsxjvFj?si=eGXbXSOQ,45 minutes,"sugar, cheese, milk",119a8390-2958-41fc-9210-0b4d392a4741,0,Always taste as you go. Fresh lime will enhance the flavors.
cf133134-1aec-43b1-bec4-abfa9c46cea0,Indian Salad,Indian style animal salad.,file:///data/user/0/host.exp.exponent/cache/ExperienceData/%2540anonymous/fa310c26-367f-4de7-a89f-a37dcc63f75d,2 people,https://youtu.be/siHiXPfO?si=nAdkOzmB,1 hour,"egg, sugar, beef, flour, onion, milk",01b35665-544e-4bc6-bae0-694d3323b666,0,Always taste as you go. Adjust the amount of spices if you prefer less heat.
2759ceeb-94cd-4ce7-8808-2f28ad97e033,American Soup,American style represent soup.,file:///data/user/0/host.exp.exponent/cache/ExperienceData/%2540anonymous/015d15eb-6317-4af4-8cee-851f2978b9c7,2 people,https://youtu.be/YTQtzMZw?si=UeAJfBYq,45 minutes,"onion, milk, flour",904125ca-41d6-488d-94fc-560a9c5b6c7b,0,Use fresh ingredients for better flavor. Do not overmix when making muffins.
ffcc6552-4540-4b59-a39e-242f3dc0e616,Indian Snack,Indian style building snack.,file:///data/user/0/host.exp.exponent/cache/ExperienceData/%2540anonymous/ffc4e4de-1386-4768-9531-31314533c3e8,2 people,https://youtu.be/gHgzpOWG?si=qMlsNovK,2 hours,"milk, butter, chicken, pepper, tomato, basil",6540c5f2-8f68-4df6-bc19-215398695128,0,Use fresh ingredients for better flavor. Adjust the amount of spices if you prefer less heat.
916ebe13-e53a-46e5-98dc-1ed471b6e1b3,Mexican Salad,Mexican style add salad.,file:///data/user/0/host.exp.exponent/cache/ExperienceData/%2540anonymous/d164e2c3-d379-4a38-95fb-30982458a04c,2 people,https://youtu.be/SiFqhXjP?si=WfGiHtZO,30 minutes,"flour, basil, onion, chicken",d4cb3eaa-2c25-4fcc-bd96-829fbd5b6678,0,Let it rest after cooking. Fresh lime will enhance the flavors.
51904aa8-f9f8-4d06-9c3a-b37a59ae6771,Chinese Dessert,Chinese style military dessert.,file:///data/user/0/host.exp.exponent/cache/ExperienceData/%2540anonymous/7c43a449-9de3-4247-af65-4a17d0f37cc2,1 person,https://youtu.be/liMQHlhX?si=VLhpkFFs,1 hour,"tomato, beef, flour, chicken",4078a848-6156-416c-8187-26ce94a9e8bb,0,Make sure to season well. Sesame oil can add a great flavor to stir-fries.
2ea147e6-7541-428b-8195-0bddb33709c0,Chinese Dessert,Chinese style agreement dessert.,file:///data/user/0/host.exp.exponent/cache/ExperienceData/%2540anonymous/5be945f7-a710-4bad-965b-60ecf08740ad,6 people,https://youtu.be/qkqErsib?si=iYyHJTOC,2 hours,"cheese, butter, flour",25d20719-551f-45c0-a7cf-effc55ff76f0,0,Make sure to season well. Sesame oil can add a great flavor to stir-fries.
f428e409-3c82-4bea-ba1a-f5fce48ce199,Indian Salad,Indian style movement salad.,file:///data/user/0/host.exp.exponent/cache/ExperienceData/%2540anonymous/0d06a6ad-460e-4214-afe0-7e03ca925b80,2 people,https://youtu.be/XCykZxHJ?si=TaqzUnhe,30 minutes,"egg, basil, pepper, cinnamon, onion",1c669dc4-ea7a-4aa8-b9ef-fb0eb13b32bd,0,Always taste as you go. Adjust the amount of spices if you prefer less heat.
a93ea616-b05a-47e8-9804-c06164572e17,Chinese Main Course,Chinese style top main course.,file:///data/user/0/host.exp.exponent/cache/ExperienceData/%2540anonymous/27ef71db-66fe-4ea0-9b40-5d5b25738d0c,1 person,https://youtu.be/CbHawvbU?si=wpqWoFba,45 minutes,"egg, basil, tomato, pork",d5a2f2a6-2abb-4c23-84f9-4499cf475842,0,Make sure to season well. Sesame oil can add a great flavor to stir-fries.
3bf6e523-f69c-4b71-b2e6-142af762cbbb,Italian Snack,Italian style catch snack.,file:///data/user/0/host.exp.exponent/cache/ExperienceData/%2540anonymous/57687920-40a3-4ca4-a9ce-3e3a8de72afa,4 people,https://youtu.be/uhbISHuw?si=ksChMscD,45 minutes,"egg, garlic, sugar, flour",8c263927-e0c9-473b-a5ae-315f584c6c09,0,Make sure to season well. Use olive oil for an authentic taste.
3a469192-d808-4c6d-8105-d40c361afd11,Mexican Dessert,Mexican style face dessert.,file:///data/user/0/host.exp.exponent/cache/ExperienceData/%2540anonymous/708aca36-7eea-4ff3-a30e-d6d8e41ffe92,6 people,https://youtu.be/CnKOSrPz?si=nbHFhBTz,30 minutes,"chicken, egg, tomato, pork",62422e6f-e501-4f24-865c-34e8193198f2,0,Let it rest after cooking. Fresh lime will enhance the flavors.
a5fe6a3e-c8a6-45a5-81fa-f225f04423bb,Italian Salad,Italian style event salad.,file:///data/user/0/host.exp.exponent/cache/ExperienceData/%2540anonymous/46eff9a6-084d-4ae5-a2e2-9aa28340df44,2 people,https://youtu.be/IihnxlQy?si=cSKAHliv,30 minutes,"chicken, pork, garlic",3fd8e030-c607-4ba4-bb87-e884eddc4dda,0,Let it rest after cooking. Use olive oil for an authentic taste.
67dea289-e97d-443e-9bbe-aca2baacb4e6,Italian Dessert,Italian style she dessert.,file:///data/user/0/host.exp.exponent/cache/ExperienceData/%2540anonymous/50434ce0-827d-4c63-ab59-31427bfc9e19,1 person,https://youtu.be/lSrQqgMK?si=ZftPdSnV,2 hours,"chicken, sugar, pork, egg, cheese, onion",229d2727-18a6-465c-95bb-7a69f8f0ecc7,0,Always taste as you go. Use olive oil for an authentic taste.
c39ff500-cff9-492c-95be-2aa31713be37,Mexican Salad,Mexican style land salad.,file:///data/user/0/host.exp.exponent/cache/ExperienceData/%2540anonymous/8406a8f1-0a6f-4f9f-988f-3a2d6c289abc,6 people,https://youtu.be/HUVpWvtJ?si=NziVlshK,1 hour,"cheese, flour, pepper",c67a3fdb-c776-4601-afd6-a1a5d9e70f42,0,Use fresh ingredients for better flavor. Fresh lime will enhance the flavors.
bb7798f1-7209-4697-8567-0a45e7a5cdc3,Italian Salad,Italian style project salad.,file:///data/user/0/host.exp.exponent/cache/ExperienceData/%2540anonymous/ead85309-8da1-4c0e-806d-e2fa7f044053,2 people,https://youtu.be/YTTeKVxY?si=Ofiwaqcq,2 hours,"tomato, flour, cinnamon, milk, pork, beef",626f2718-a3d9-4953-9a55-24694a96aa0e,0,Make sure to season well. Use olive oil for an authentic taste.
bc00623d-58cb-4fa1-a7ad-763548efe99b,Italian Soup,Italian style card soup.,file:///data/user/0/host.exp.exponent/cache/ExperienceData/%2540anonymous/c0623b13-491c-484c-a48d-e111798ee42e,6 people,https://youtu.be/tBgrsINA?si=umptKEcp,45 minutes,"butter, garlic, beef, cinnamon",0b856217-66a4-406e-9349-911f4b340c10,0,Let it rest after cooking. Use olive oil for an authentic taste.
feb70e4f-52f6-4e38-828a-308f61508746,Chinese Dessert,Chinese style member dessert.,file:///data/user/0/host.exp.exponent/cache/ExperienceData/%2540anonymous/13b195cc-26e8-4552-af1c-4ca46a5d5557,2 people,https://youtu.be/hPRRwrgC?si=BPGFkWpn,2 hours,"chicken, onion, cinnamon, sugar, garlic, tomato",fc384dc4-e669-4281-b4ba-96d85d5cd5ab,0,Make sure to season well. Sesame oil can add a great flavor to stir-fries.
ca6c7aad-8646-425a-94ec-e9f384dd051c,Italian Snack,Italian style forget snack.,file:///data/user/0/host.exp.exponent/cache/ExperienceData/%2540anonymous/c21e343e-4e65-4cb7-8c5b-1ad513aa2b23,1 person,https://youtu.be/KshMVsDx?si=kzPaaXLe,2 hours,"onion, cinnamon, egg, basil, milk",7e5186e6-7800-4a94-a834-ce0ad16acdd3,0,Let it rest after cooking. Use olive oil for an authentic taste.
fac96d5f-eec2-4e3b-8618-82938265604e,American Soup,American style coach soup.,file:///data/user/0/host.exp.exponent/cache/ExperienceData/%2540anonymous/8bce81c9-724a-46ba-8446-6017175db5fb,6 people,https://youtu.be/kKRHoeVQ?si=tGfDMzQC,30 minutes,"cinnamon, cheese, sugar, milk",749222af-6707-4153-9607-479c9c1a6910,0,Make sure to season well. Do not overmix when making muffins.
03cdaacf-e5e8-43c6-8fa8-98508797779a,Indian Soup,Indian style important soup.,file:///data/user/0/host.exp.exponent/cache/ExperienceData/%2540anonymous/419e3511-bf0a-45c7-925b-668a8239ae75,6 people,https://youtu.be/WsNqkmrf?si=emWscebJ,45 minutes,"beef, chicken, cinnamon, pork, cheese, garlic",93ced12c-e6b5-4569-9d23-cb92e2beca70,0,Let it rest after cooking. Adjust the amount of spices if you prefer less heat.
e5c09b70-3fa8-454f-97cb-bcf482a3afcb,Mexican Main Course,Mexican style agree main course.,file:///data/user/0/host.exp.exponent/cache/ExperienceData/%2540anonymous/0b5b8ae2-7616-417f-970a-973e8fb4d257,1 person,https://youtu.be/vcyePfNh?si=aCpHtIyY,30 minutes,"chicken, milk, garlic, cheese, tomato, egg",9b72e7e4-bb82-49b8-b536-fb13c6946519,0,Always taste as you go. Fresh lime will enhance the flavors.
19fc2e2b-990a-4ef5-a109-81ea75fcbf22,Chinese Soup,Chinese style statement soup.,file:///data/user/0/host.exp.exponent/cache/ExperienceData/%2540anonymous/3f4bb006-9986-4e31-ab49-24c748befe52,6 people,https://youtu.be/KfrgBqiY?si=HwbSGtkI,1 hour,"chicken, cheese, milk",69832301-1c8c-4cb2-960c-4b0116fb392e,0,Let it rest after cooking. Sesame oil can add a great flavor to stir-fries.
6e1d6da9-7fd2-4300-9d9a-fcf8fcddc6f6,Indian Snack,Indian style quality snack.,file:///data/user/0/host.exp.exponent/cache/ExperienceData/%2540anonymous/3c7127f5-273c-4de4-87fa-fa3a3572bd4d,4 people,https://youtu.be/OAJerLOK?si=mVqUiGUa,30 minutes,"pork, chicken, cheese, garlic, sugar, tomato",17871b99-44be-453a-aad9-96ad2290580f,0,Make sure to season well. Adjust the amount of spices if you prefer less heat.
980b0316-1d93-44ff-9977-795c983e7bee,American Snack,American style difficult snack.,file:///data/user/0/host.exp.exponent/cache/ExperienceData/%2540anonymous/db917f21-07fa-4acd-8b6d-5fb36c3a327a,2 people,https://youtu.be/leXdvIun?si=nxqqyzPq,2 hours,"butter, sugar, pepper, beef, egg, flour",b2e9b02c-21ae-4147-91da-906b0d060f3c,0,Make sure to season well. Do not overmix when making muffins.
e0b5576c-b4b4-41bc-bba9-e4fcaa297a72,Indian Soup,Indian style wife soup.,file:///data/user/0/host.exp.exponent/cache/ExperienceData/%2540anonymous/292ee5a5-16cd-490e-9090-8faeefea8e89,4 people,https://youtu.be/BWLplrKU?si=HIZdgLjk,30 minutes,"chicken, sugar, butter, milk, egg",52b50824-522f-4bd9-95aa-ca1a7a417080,0,Use fresh ingredients for better flavor. Adjust the amount of spices if you prefer less heat.
8379bd98-075f-403f-86d8-5bf882616e1e,Italian Snack,Italian style main snack.,file:///data/user/0/host.exp.exponent/cache/ExperienceData/%2540anonymous/28d118d6-2b34-476d-b437-961632eefc28,6 people,https://youtu.be/AVKQhfJx?si=jNAWuhpe,30 minutes,"beef, cheese, basil, pork, onion",4f3b4c15-7e48-476a-b25e-8a65120a7e82,0,Let it rest after cooking. Use olive oil for an authentic taste.
39b1149c-aaa6-4df6-b690-f215519b8b2d,Italian Soup,Italian style military soup.,file:///data/user/0/host.exp.exponent/cache/ExperienceData/%2540anonymous/9916a5d1-b53d-47ab-b391-1424444d7df2,6 people,https://youtu.be/dmOPZnbU?si=oIqgzmpj,30 minutes,"flour, basil, chicken, cheese, egg",d5b27f1d-32e4-4d94-93d9-034a0b98f14c,0,Let it rest after cooking. Use olive oil for an authentic taste.
e63b0f1c-978b-4d40-8961-f186ba09314c,Italian Dessert,Italian style story dessert.,file:///data/user/0/host.exp.exponent/cache/ExperienceData/%2540anonymous/0b973017-ff04-4962-8a5e-c7dc5daa1c2f,4 people,https://youtu.be/efSUFLIX?si=gVrezyjh,2 hours,"chicken, cheese, pepper",79e53dd7-976e-41dc-9eba-9da711215f7c,0,Make sure to season well. Use olive oil for an authentic taste.
973ac63c-b6d4-4b29-b3ef-8377bd8c85ed,Chinese Soup,Chinese style understand soup.,file:///data/user/0/host.exp.exponent/cache/ExperienceData/%2540anonymous/ee5a7d81-1fe7-434c-b4a8-19072be0600a,4 people,https://youtu.be/xUmhXOvj?si=YNsmPnRb,2 hours,"garlic, pepper, milk",f14bb541-7e12-4a16-8707-9be431953669,0,Make sure to season well. Sesame oil can add a great flavor to stir-fries.
a500cb44-562a-43c5-891c-f6d79e2bef37,American Dessert,American style stand dessert.,file:///data/user/0/host.exp.exponent/cache/ExperienceData/%2540anonymous/aaebed57-307f-4e54-b7ee-5184ce360f93,4 people,https://youtu.be/YWYNQjpp?si=nHoKyGHl,2 hours,"flour, butter, onion, pork, garlic, tomato",213241e5-880c-427d-82f1-8f821121c78f,0,Let it rest after cooking. Do not overmix when making muffins.
efd4bdbf-80e3-46e6-aca2-e45c61c8a239,American Salad,American style attack salad.,file:///data/user/0/host.exp.exponent/cache/ExperienceData/%2540anonymous/f14bfdcc-cef1-439e-b562-a0ce97c492bf,2 people,https://youtu.be/hLKjxzle?si=Egyulzkc,2 hours,"pork, basil, pepper, milk",cb989912-3b7a-431a-bca1-3e6b22740fae,0,Make sure to season well. Do not overmix when making muffins.
a684861a-5411-4b40-b8dc-49f43dc4936e,Chinese Salad,Chinese style environmental salad.,file:///data/user/0/host.exp.exponent/cache/ExperienceData/%2540anonymous/12e6ea3d-5afc-4953-bb8f-e7f6b9634821,4 people,https://youtu.be/RZNuqUgA?si=ntkhSwEZ,45 minutes,"basil, pepper, onion",8babf820-cb9c-4d41-934a-dbe8ab5f1491,0,Make sure to season well. Sesame oil can add a great flavor to stir-fries.
141de6a7-c187-45f9-aa4a-488ae9158303,Indian Main Course,Indian style mouth main course.,file:///data/user/0/host.exp.exponent/cache/ExperienceData/%2540anonymous/7dca5f5e-15e2-40ca-bc21-3f207ce3b30b,6 people,https://youtu.be/ajEomgHO?si=EOVwzwdg,30 minutes,"tomato, beef, cheese, milk, garlic, pork",4d7bfce0-ffbd-4dfa-9825-073c7305e511,0,Always taste as you go. Adjust the amount of spices if you prefer less heat.
6c755894-bfc0-444e-8b8a-e0589b925135,Indian Salad,Indian style happen salad.,file:///data/user/0/host.exp.exponent/cache/ExperienceData/%2540anonymous/03bd1505-4365-4030-942a-e5e41284823c,4 people,https://youtu.be/OPWqsFBj?si=JHPtenvf,1 hour,"cinnamon, cheese, pork",6598b7fd-2f3a-4903-ad0b-a8058ba2ba86,0,Always taste as you go. Adjust the amount of spices if you prefer less heat.
7bdea29b-705b-4b21-aba3-c99b273280e1,Mexican Main Course,Mexican style manage main course.,file:///data/user/0/host.exp.exponent/cache/ExperienceData/%2540anonymous/a1ab1a7c-5f65-418f-9b51-679660527cd1,1 person,https://youtu.be/gwhFEeZr?si=MrXGhZmY,2 hours,"cheese, egg, butter, tomato, cinnamon",e9be18e2-813b-46ca-9fd4-683f76eaea4a,0,Make sure to season well. Fresh lime will enhance the flavors.
19e58630-a98d-4516-9199-7a4eb08e73b3,American Soup,American style best soup.,file:///data/user/0/host.exp.exponent/cache/ExperienceData/%2540anonymous/72477acb-b37f-4275-a49e-09213143c032,6 people,https://youtu.be/LQOboYwo?si=vwWStaOt,45 minutes,"cinnamon, tomato, pork, egg, pepper, cheese",74828d33-8bdd-45c4-bb36-461c4cfdbcea,0,Make sure to season well. Do not overmix when making muffins.
10f044ed-276e-4832-8a24-4962eb0b6fc2,Italian Salad,Italian style grow salad.,file:///data/user/0/host.exp.exponent/cache/ExperienceData/%2540anonymous/ad459c4d-31fd-468c-afaa-cb59a5cb7a08,2 people,https://youtu.be/kVGlIPUe?si=BKQWDrOt,1 hour,"beef, garlic, flour",5316b770-fae5-472b-9704-3336c110eaed,0,Let it rest after cooking. Use olive oil for an authentic taste.
43ca9c55-34d7-44ff-bf46-12e7280733dd,Italian Main Course,Italian style doctor main course.,file:///data/user/0/host.exp.exponent/cache/ExperienceData/%2540anonymous/8fdc254e-4774-456b-a0a9-562d90674d4e,1 person,https://youtu.be/iRgUQeTB?si=nTLDcsqi,45 minutes,"beef, basil, milk, flour, tomato",ea950427-ee2d-4f83-8799-8eec38d5cb2d,0,Always taste as you go. Use olive oil for an authentic taste.
0aebe39f-4c2f-4591-86b0-0b57040df94b,American Main Course,American style hospital main course.,file:///data/user/0/host.exp.exponent/cache/ExperienceData/%2540anonymous/4a30ad59-2960-4a89-9ee8-3fc2901c98c0,6 people,https://youtu.be/DJOnHRAm?si=aqMLXJGv,1 hour,"sugar, basil, chicken, egg",5d474ffe-6508-4cf9-84ad-ee1e92ef01e7,0,Always taste as you go. Do not overmix when making muffins.
dc16a9cb-7c9a-4db1-928e-d02f3e15e9d4,American Salad,American style his salad.,file:///data/user/0/host.exp.exponent/cache/ExperienceData/%2540anonymous/db7f23dd-bffb-43dd-9264-69adaa23d3ba,6 people,https://youtu.be/yenLjwtk?si=NoGJbqbG,45 minutes,"tomato, sugar, chicken",fb1ec6d5-57db-414c-87d5-d2d7d2fe2e8c,0,Make sure to season well. Do not overmix when making muffins.
9bb0d1b7-bd5e-403d-a149-be869af7b4ec,Italian Dessert,Italian style offer dessert.,file:///data/user/0/host.exp.exponent/cache/ExperienceData/%2540anonymous/3367cc52-7d49-48b8-a7da-82668e75a42a,4 people,https://youtu.be/yUrPSFyX?si=EzyLnRpV,30 minutes,"garlic, pork, milk",3b4b8418-2cbc-4284-9c71-d2d9bac24a2a,0,Use fresh ingredients for better flavor. Use olive oil for an authentic taste.
5faf5f3f-2bec-48c0-9f99-1cffbc5068a3,Mexican Soup,Mexican style bit soup.,file:///data/user/0/host.exp.exponent/cache/ExperienceData/%2540anonymous/193f7b88-b656-46ea-82f4-5159a3f35fe2,6 people,https://youtu.be/aFBLtpaG?si=scPfrxsG,1 hour,"basil, cinnamon, chicken, tomato, cheese",8d3843e1-4243-4bc1-a55c-31fd4c0b95f7,0,Make sure to season well. Fresh lime will enhance the flavors.
4772449f-aad0-4ebd-9c42-9e8f08f3e0cc,Mexican Snack,Mexican style night snack.,file:///data/user/0/host.exp.exponent/cache/ExperienceData/%2540anonymous/d62a8cae-f8b6-4ff4-8d36-f64a7e369404,1 person,https://youtu.be/wvVJirzP?si=dgnzcoCY,30 minutes,"basil, garlic, cheese, pepper",fa10ae7b-1631-4d0f-a8f8-19023040063d,0,Make sure to season well. Fresh lime will enhance the flavors.
120e136f-a06e-4f84-87e9-b551f4f757e4,Italian Soup,Italian style show soup.,file:///data/user/0/host.exp.exponent/cache/ExperienceData/%2540anonymous/de1851af-89a4-465c-ae59-98af1036aa9c,4 people,https://youtu.be/cKzhaNfx?si=fDxWMDWQ,45 minutes,"sugar, beef, pepper",f33a1193-ae35-4c5e-a735-e4b1831e7351,0,Make sure to season well. Use olive oil for an authentic taste.
252819f7-a466-4bf9-abde-07502292b736,Mexican Soup,Mexican style industry soup.,file:///data/user/0/host.exp.exponent/cache/ExperienceData/%2540anonymous/e4b247e9-7ba9-4891-9b41-296cfb207328,6 people,https://youtu.be/kLLDUbDx?si=PUsFpjWJ,45 minutes,"flour, tomato, cinnamon",7134e6cb-ef6b-4e59-841c-3e72f527c987,0,Use fresh ingredients for better flavor. Fresh lime will enhance the flavors.
3917c104-0b82-494f-b24b-5190ae0d3b82,American Main Course,American style organization main course.,file:///data/user/0/host.exp.exponent/cache/ExperienceData/%2540anonymous/c50175b3-c5a9-4f6a-9ed7-90a800b7a1f5,1 person,https://youtu.be/mobmThpl?si=mbhjDpqd,30 minutes,"egg, tomato, pork, cinnamon",3cb51c49-4d6d-49b2-87cd-6f9bd1b656ae,0,Use fresh ingredients for better flavor. Do not overmix when making muffins.
fecc2f3c-0966-4658-8a0f-9f5839356baa,Italian Main Course,Italian style move main course.,file:///data/user/0/host.exp.exponent/cache/ExperienceData/%2540anonymous/4f541480-7a3d-4dc4-8fcd-781ca7d5dcaf,4 people,https://youtu.be/rZzUrFSv?si=RQvUBTiY,1 hour,"cheese, pepper, tomato",251d9211-59ee-4cc2-8fe6-245bf168c8fe,0,Let it rest after cooking. Use olive oil for an authentic taste.
ceb0e28e-aa3d-4b42-ab44-a99fa26e8cb3,Chinese Dessert,Chinese style president dessert.,file:///data/user/0/host.exp.exponent/cache/ExperienceData/%2540anonymous/a04bc18c-6fd5-4cc8-bd07-ca569918c953,4 people,https://youtu.be/tAPhFVKr?si=yLMzqHyP,30 minutes,"garlic, milk, basil, cinnamon",6cea376d-a8bd-4376-ad3b-45f16ef4526d,0,Use fresh ingredients for better flavor. Sesame oil can add a great flavor to stir-fries.
50a1db63-d50e-4bbb-86eb-7c86a6c908ca,American Salad,American style onto salad.,file:///data/user/0/host.exp.exponent/cache/ExperienceData/%2540anonymous/f5e160cb-0150-4416-ac63-36cc5686bc9a,1 person,https://youtu.be/YhQqviAm?si=GtwnzLAV,45 minutes,"onion, flour, pork, tomato",c41f486e-a70d-4fbc-9318-c99c73de87f9,0,Let it rest after cooking. Do not overmix when making muffins.
bc83169c-95be-4028-b327-f676e60f84f6,American Main Course,American style no main course.,file:///data/user/0/host.exp.exponent/cache/ExperienceData/%2540anonymous/955e93a1-368a-4ff6-8f31-733075c7db67,6 people,https://youtu.be/yGHXVYlc?si=LoJYorBu,2 hours,"pepper, basil, butter, chicken, garlic, pork",9d2df883-b8bb-485f-b609-1a7fcf06ef71,0,Let it rest after cooking. Do not overmix when making muffins.
d49130a4-42db-4b7c-9db6-54a5f2643030,Chinese Main Course,Chinese style red main course.,file:///data/user/0/host.exp.exponent/cache/ExperienceData/%2540anonymous/dbd04e04-44d5-4e23-b8e7-bb0d6776b85e,6 people,https://youtu.be/NcNZYheb?si=FRESfGcn,2 hours,"butter, beef, pork, cinnamon, milk, onion",0b1a19b4-11b9-4fde-ae7a-7c93e0de32e9,0,Always taste as you go. Sesame oil can add a great flavor to stir-fries.
acbf0684-7669-49f7-89b9-60c0dec6fd90,Indian Snack,Indian style eye snack.,file:///data/user/0/host.exp.exponent/cache/ExperienceData/%2540anonymous/32b6b733-ced4-425a-927b-7a632444970f,1 person,https://youtu.be/kaCDyVXh?si=opgcIYni,30 minutes,"sugar, onion, cinnamon",6d8bf73e-d414-45b4-9135-526a8c036470,0,Use fresh ingredients for better flavor. Adjust the amount of spices if you prefer less heat.
408f4240-ead3-42bc-b2a9-518daa79a134,Chinese Soup,Chinese style some soup.,file:///data/user/0/host.exp.exponent/cache/ExperienceData/%2540anonymous/0c87fcf3-9606-46c6-98e4-6b480e1011fc,4 people,https://youtu.be/LElWOVQz?si=hVaMfOYK,1 hour,"pepper, milk, sugar, basil",1b7c3790-7fbd-4b48-8ec0-865495729cfb,0,Make sure to season well. Sesame oil can add a great flavor to stir-fries.
09e811a5-e02b-4fa5-ac76-7de929b57065,Chinese Dessert,Chinese style now dessert.,file:///data/user/0/host.exp.exponent/cache/ExperienceData/%2540anonymous/f3dd6ccd-ad75-4927-9d10-11b23895e2cf,2 people,https://youtu.be/QoYoMNcT?si=UQrTJrGD,1 hour,"chicken, cinnamon, tomato, pepper, onion, flour",2b4695eb-adb1-4c16-ae03-5a4370c3452d,0,Make sure to season well. Sesame oil can add a great flavor to stir-fries.
d9a29fcc-9543-4590-85a9-afe6220c01b4,Chinese Snack,Chinese style control snack.,file:///data/user/0/host.exp.exponent/cache/ExperienceData/%2540anonymous/09f239d2-15eb-44c8-a87b-f3f8ab9bbe0e,2 people,https://youtu.be/XeaygQJk?si=fLQabXWd,30 minutes,"sugar, pepper, garlic, tomato",461dc349-97e4-4d24-b640-58ac06067e1b,0,Let it rest after cooking. Sesame oil can add a great flavor to stir-fries.
af1d5268-ea60-4909-8289-39164a3ff9ec,American Salad,American style drive salad.,file:///data/user/0/host.exp.exponent/cache/ExperienceData/%2540anonymous/ee805f3b-06e9-4f3d-ba92-01845c377d8c,1 person,https://youtu.be/SaAxZKRM?si=WjVHnOLN,45 minutes,"sugar, chicken, cheese",88bbc537-1b45-40d3-aa95-9554a2f1ff77,0,Use fresh ingredients for better flavor. Do not overmix when making muffins.
6fb2f002-aece-4ede-a7fa-b5be891e3942,Indian Dessert,Indian style where dessert.,file:///data/user/0/host.exp.exponent/cache/ExperienceData/%2540anonymous/7f0d021a-42ea-47f6-b3a4-c5e653fa5cde,1 person,https://youtu.be/NRTtROVx?si=uNsbYrCo,45 minutes,"pork, sugar, garlic, beef",5665dfc3-ae32-46c6-bfb3-b1f23079f6af,0,Always taste as you go. Adjust the amount of spices if you prefer less heat.
f64b890b-3de3-4c27-be01-5a25acd7091a,Italian Soup,Italian style number soup.,file:///data/user/0/host.exp.exponent/cache/ExperienceData/%2540anonymous/1764aba6-eb35-4afd-88f6-da28fbbae47a,6 people,https://youtu.be/pWkmEyUC?si=VGGeJWwW,45 minutes,"chicken, onion, pork, flour, beef",40743fc4-8644-4ec2-97b1-424255b56120,0,Let it rest after cooking. Use olive oil for an authentic taste.
f6f29a30-204f-478c-a67f-cee6b77d3107,Mexican Main Course,Mexican style soon main course.,file:///data/user/0/host.exp.exponent/cache/ExperienceData/%2540anonymous/17d28c39-ab46-4f52-98a5-a51cd516495f,6 people,https://youtu.be/HRhgFvpZ?si=jUVhqyxe,30 minutes,"pepper, egg, chicken, pork, onion",95fe9842-98dd-45ce-b9ec-906d783152a5,0,Let it rest after cooking. Fresh lime will enhance the flavors.
5130e39b-28c0-4f38-ab8f-0fbc42af6822,Mexican Dessert,Mexican style soon dessert.,file:///data/user/0/host.exp.exponent/cache/ExperienceData/%2540anonymous/b7e05f1b-e1d4-4dbe-b0e2-423e768a9e28,4 people,https://youtu.be/EVEGWsKT?si=MpLXdPZx,45 minutes,"egg, pepper, chicken, butter, tomato, flour",0b1e0888-6c87-450a-9e9a-35d795383f7d,0,Use fresh ingredients for better flavor. Fresh lime will enhance the flavors.
6276c1fb-2bcb-4663-9f95-37de9a4b96a4,Italian Main Course,Italian style provide main course.,file:///data/user/0/host.exp.exponent/cache/ExperienceData/%2540anonymous/9a12379c-5fb0-40cf-90a5-cd5c03a1e403,4 people,https://youtu.be/gEJODzHS?si=QFPNlpDJ,2 hours,"butter, sugar, onion, flour, egg, milk",c06217e4-8c50-46ab-9705-7571f5528b6e,0,Always taste as you go. Use olive oil for an authentic taste.
3e855db9-1ff8-41a1-a960-4c82b7ccc926,Indian Salad,Indian style try salad.,file:///data/user/0/host.exp.exponent/cache/ExperienceData/%2540anonymous/6c2229b9-aa2f-449e-b9ec-0c4cfbea7305,2 people,https://youtu.be/oXopaZzq?si=rVqWyXRn,45 minutes,"milk, flour, sugar, cheese",b45c0673-f56d-42db-b93a-0db4ab8a3ff2,0,Let it rest after cooking. Adjust the amount of spices if you prefer less heat.
63fd7613-0d38-405b-b54f-42b9e3efdd4d,Italian Salad,Italian style together salad.,file:///data/user/0/host.exp.exponent/cache/ExperienceData/%2540anonymous/60b3237a-9075-4961-b116-4b5a717af412,4 people,https://youtu.be/mmoRKQNq?si=TcSTbrmS,45 minutes,"sugar, milk, egg",b7ba5247-b129-405b-a4a7-c7190f9fb827,0,Use fresh ingredients for better flavor. Use olive oil for an authentic taste.
3f126926-c14c-4168-b41b-92d971b07284,Mexican Soup,Mexican style star soup.,file:///data/user/0/host.exp.exponent/cache/ExperienceData/%2540anonymous/44b01653-1425-4768-83f7-49b4f3a7b0d2,1 person,https://youtu.be/AKJdACKg?si=WGyvMwMk,45 minutes,"beef, basil, flour",48180436-4602-4a27-a251-f57948f20ac2,0,Use fresh ingredients for better flavor. Fresh lime will enhance the flavors.
abcb659d-b2cc-4dba-9ed3-250aa0062bce,Italian Main Course,Italian style audience main course.,file:///data/user/0/host.exp.exponent/cache/ExperienceData/%2540anonymous/4f408bde-6505-4baa-995f-7683ad84fb31,6 people,https://youtu.be/qdjFWNAf?si=epKLeQEa,2 hours,"tomato, garlic, cinnamon",054b371c-0eae-47ca-9adc-faff37570ccc,0,Always taste as you go. Use olive oil for an authentic taste.
975a7544-664d-453b-895e-78ef6ebbbb05,Mexican Dessert,Mexican style take dessert.,file:///data/user/0/host.exp.exponent/cache/ExperienceData/%2540anonymous/46577acf-fcc4-4f78-938c-d24a90a50a99,4 people,https://youtu.be/jjFsXAYj?si=ItOcwcuK,1 hour,"beef, sugar, cheese",aaa42971-a420-470f-b43a-fd3567eb48c5,0,Let it rest after cooking. Fresh lime will enhance the flavors.
cdb6a005-0582-4db7-bba6-522d6ab612c7,Chinese Soup,Chinese style already soup.,file:///data/user/0/host.exp.exponent/cache/ExperienceData/%2540anonymous/a051afdb-0918-46bf-a4c8-4bc0dedbf3db,6 people,https://youtu.be/wJETZfqV?si=xXgQjMJD,1 hour,"basil, flour, beef, egg",92bee34f-953a-44b2-ad71-ef700d9ad3dc,0,Use fresh ingredients for better flavor. Sesame oil can add a great flavor to stir-fries.
f747373a-5d56-4a4b-86c9-395072f6668e,Chinese Main Course,Chinese style reach main course.,file:///data/user/0/host.exp.exponent/cache/ExperienceData/%2540anonymous/30f25951-190b-4a84-8a20-94f56a8126ff,4 people,https://youtu.be/QlYIetJh?si=IYkcgmwy,45 minutes,"beef, flour, tomato, butter, chicken",65647384-c9ea-4c05-9f02-999e452d014a,0,Use fresh ingredients for better flavor. Sesame oil can add a great flavor to stir-fries.
6ef114db-b99f-4388-9b4c-591e6e6f9290,Italian Dessert,Italian style fly dessert.,file:///data/user/0/host.exp.exponent/cache/ExperienceData/%2540anonymous/efe853a8-3ab9-486b-a499-a1d27f6c0794,2 people,https://youtu.be/EhHnIQeB?si=vKHaHfiA,30 minutes,"onion, pepper, milk, pork, basil, tomato",7d4cae6d-5c37-46af-8d0d-f79cd3fe09f2,0,Always taste as you go. Use olive oil for an authentic taste.
17d45a4d-4f57-422b-a17c-b00c3db80d0e,Italian Soup,Italian style avoid soup.,file:///data/user/0/host.exp.exponent/cache/ExperienceData/%2540anonymous/89349de2-95f2-472b-919d-dba284c507f1,6 people,https://youtu.be/EmvAJFcb?si=KfCHHlJY,45 minutes,"cheese, tomato, egg, milk, pepper",51a62855-ab84-4a95-9135-71a05f02f08b,0,Let it rest after cooking. Use olive oil for an authentic taste.
b3fdcb08-a9ce-48e1-b4ae-9dc8eca7c630,American Main Course,American style yourself main course.,file:///data/user/0/host.exp.exponent/cache/ExperienceData/%2540anonymous/fbb33517-a095-4c2c-850f-26bc10a9e57a,6 people,https://youtu.be/bFPewvsX?si=eTtpibUt,1 hour,"cheese, sugar, egg, milk",ed736824-33fe-453f-bf7b-037725b16e10,0,Make sure to season well. Do not overmix when making muffins.
f161da6f-d6c5-4ec6-9d80-21f3204ed515,Indian Snack,Indian style once snack.,file:///data/user/0/host.exp.exponent/cache/ExperienceData/%2540anonymous/6d0cb4b9-cb5f-458a-aef4-f14ab1f905d8,1 person,https://youtu.be/PXoZVglG?si=YGGlGMgp,45 minutes,"tomato, beef, chicken",f83de2e4-ac4c-46fe-9777-1cf04543e9cf,0,Let it rest after cooking. Adjust the amount of spices if you prefer less heat.
1754cc19-39d3-433f-a432-34b06dd4ea07,Chinese Snack,Chinese style easy snack.,file:///data/user/0/host.exp.exponent/cache/ExperienceData/%2540anonymous/4b41ce77-78cc-40db-9312-f021d7cad86c,4 people,https://youtu.be/qzYZiPaC?si=TRCJiLNx,2 hours,"garlic, milk, beef, onion",7ddffd15-74ba-4c56-85d9-8c0c3ea86989,0,Use fresh ingredients for better flavor. Sesame oil can add a great flavor to stir-fries.
1277d7bb-d87f-481d-8680-6839b412cb91,Mexican Main Course,Mexican style positive main course.,file:///data/user/0/host.exp.exponent/cache/ExperienceData/%2540anonymous/a8a79223-3631-4f89-9df5-5dfe41e9e67a,2 people,https://youtu.be/kmEnKAFP?si=PiyIdqdu,1 hour,"onion, cheese, pepper",3c9d1bc8-61a5-4228-a6b2-bc6753ef04c4,0,Make sure to season well. Fresh lime will enhance the flavors.
92a625a4-c743-4b41-83df-e023f8a9d7a8,Italian Salad,Italian style bit salad.,file:///data/user/0/host.exp.exponent/cache/ExperienceData/%2540anonymous/d913be76-4168-4d0d-80ab-38964d6dd1a9,4 people,https://youtu.be/nBXMGPjW?si=VgpAtdAy,45 minutes,"sugar, butter, cinnamon, flour",87578dc4-e613-4083-b7ac-abb2354f890e,0,Use fresh ingredients for better flavor. Use olive oil for an authentic taste.
af3b1f33-adf6-49c0-ad44-b56b82437214,American Snack,American style parent snack.,file:///data/user/0/host.exp.exponent/cache/ExperienceData/%2540anonymous/ddfd45f5-4200-459b-98cb-33eb87537b19,1 person,https://youtu.be/fKGZbZnT?si=LbHodRBs,30 minutes,"tomato, sugar, cinnamon, flour, pork",505148dd-49ae-42a5-b212-2501e5831e73,0,Make sure to season well. Do not overmix when making muffins.
108dcd56-9c78-4ffb-b3ba-c04e6d6a5695,Indian Main Course,Indian style result main course.,file:///data/user/0/host.exp.exponent/cache/ExperienceData/%2540anonymous/1f26c7d0-7386-45c4-a316-d5ffc2756231,4 people,https://youtu.be/PmAAgyeq?si=MXmHGvIH,30 minutes,"basil, butter, garlic, cheese, onion, sugar",57f1ae40-ddd1-4d64-b7f1-b143f683dca1,0,Use fresh ingredients for better flavor. Adjust the amount of spices if you prefer less heat.
7c3d73bd-a288-475f-aeeb-b88c7e8a89dd,Italian Snack,Italian style popular snack.,file:///data/user/0/host.exp.exponent/cache/ExperienceData/%2540anonymous/3f0e2c36-ab10-421e-89cf-3caf34e1a963,1 person,https://youtu.be/tXovirSD?si=REEgpcJp,2 hours,"garlic, cheese, egg, flour, pepper, basil",2b130f88-4150-4ca4-8042-472a882e5365,0,Make sure to season well. Use olive oil for an authentic taste.
a875260d-c680-406a-b601-9f82d1684f77,American Main Course,American style see main course.,file:///data/user/0/host.exp.exponent/cache/ExperienceData/%2540anonymous/c1925a59-3500-4980-ab01-857776e04c8b,4 people,https://youtu.be/dHfjplhE?si=nDRJsuJW,2 hours,"butter, chicken, cinnamon, egg, milk, basil",9800ea47-e2f5-4dba-9ae2-0a6cff30752c,0,Use fresh ingredients for better flavor. Do not overmix when making muffins.
0c93ad4a-94d3-4595-8115-c8054b7dbbe2,Chinese Main Course,Chinese style fire main course.,file:///data/user/0/host.exp.exponent/cache/ExperienceData/%2540anonymous/a71092b0-fafa-4de9-9b2c-842af93ccf33,4 people,https://youtu.be/xSxogkyo?si=hfhnTCpb,30 minutes,"cinnamon, chicken, garlic, beef, pepper, sugar",8e700cc9-ad60-44b0-b75d-778b0c08d016,0,Make sure to season well. Sesame oil can add a great flavor to stir-fries.
6a71009d-19b1-4441-aad4-97b6f32e5b12,Indian Main Course,Indian style analysis main course.,file:///data/user/0/host.exp.exponent/cache/ExperienceData/%2540anonymous/04eebfaf-4815-4e20-a65c-91e2fca6d108,1 person,https://youtu.be/BPwiyJRN?si=jdaHqNzK,45 minutes,"chicken, cheese, onion, pork, flour, cinnamon",5d388c11-7bd7-41c5-919e-24c6e7071cdf,0,Make sure to season well. Adjust the amount of spices if you prefer less heat.
58a3d046-e518-4bfd-b296-31c633e25acc,Indian Salad,Indian style fill salad.,file:///data/user/0/host.exp.exponent/cache/ExperienceData/%2540anonymous/d763d5f8-3aa4-4320-a7ae-254fef11a4f6,1 person,https://youtu.be/MfQvFlrQ?si=NoHMCBaU,30 minutes,"basil, cheese, cinnamon, sugar",8a197ea8-c4b9-46db-b032-443cca6241fc,0,Always taste as you go. Adjust the amount of spices if you prefer less heat.
99f2557c-1a2c-4e56-8077-d0dff27ab7d4,American Main Course,American style would main course.,file:///data/user/0/host.exp.exponent/cache/ExperienceData/%2540anonymous/af7f7859-455d-4929-be89-3b573dd6f4c0,1 person,https://youtu.be/JcnADxyc?si=ieYSSdOV,45 minutes,"sugar, tomato, butter",e397d576-5272-43d1-99d4-befda6cbb75c,0,Use fresh ingredients for better flavor. Do not overmix when making muffins.
19a05b44-6f2b-45a0-8b42-c668e3591c71,American Dessert,American style them dessert.,file:///data/user/0/host.exp.exponent/cache/ExperienceData/%2540anonymous/f5237e3a-aab9-4313-88ab-149ea835c108,2 people,https://youtu.be/stLHOLQv?si=EOakIGmK,45 minutes,"beef, milk, butter, pork, pepper, basil",4da81341-67b1-4ea5-9f4b-f5df0ccd0332,0,Use fresh ingredients for better flavor. Do not overmix when making muffins.
4aac7e32-c6eb-468e-a1af-b98e5ebdd5d0,Chinese Dessert,Chinese style audience dessert.,file:///data/user/0/host.exp.exponent/cache/ExperienceData/%2540anonymous/0c0b0275-bdf1-421a-ab78-c67462e601d8,4 people,https://youtu.be/TlIDgSpY?si=vtMldsyC,2 hours,"pork, cinnamon, butter, beef",fb421a36-637d-4f57-b491-8638b73d5409,0,Use fresh ingredients for better flavor. Sesame oil can add a great flavor to stir-fries.
b7ee1da5-6439-4e53-895d-14efd11b50a5,Indian Main Course,Indian style traditional main course.,file:///data/user/0/host.exp.exponent/cache/ExperienceData/%2540anonymous/b10ef17f-952f-4954-a319-e950a5067b92,6 people,https://youtu.be/LksDeSJn?si=mOTtqoox,30 minutes,"flour, garlic, beef, pork, butter, egg",442e6983-3d3e-4766-a002-7d0f0aafc9a1,0,Let it rest after cooking. Adjust the amount of spices if you prefer less heat.
079cc079-52d3-4463-817c-1049220bce9d,Chinese Salad,Chinese style list salad.,file:///data/user/0/host.exp.exponent/cache/ExperienceData/%2540anonymous/6a54b70f-6044-486a-847b-d3f1d60663f0,1 person,https://youtu.be/acROQays?si=hsZUzQOo,30 minutes,"pepper, milk, cinnamon",6a5fc561-e540-4f34-8db6-65066282ba53,0,Always taste as you go. Sesame oil can add a great flavor to stir-fries.
a0d4756b-12a3-435f-8e2e-c50c7b81ae53,Mexican Main Course,Mexican style current main course.,file:///data/user/0/host.exp.exponent/cache/ExperienceData/%2540anonymous/e5f7ab76-623b-4009-942b-4e0721b54a5e,6 people,https://youtu.be/pMPkQVXO?si=FfoqZxzb,45 minutes,"cinnamon, butter, garlic, onion",f8a9ac23-c553-4e35-9350-1f438d1d1fe0,0,Always taste as you go. Fresh lime will enhance the flavors.
4ff23b87-5d31-46d7-a487-91e1edffcbb1,Italian Soup,Italian style might soup.,file:///data/user/0/host.exp.exponent/cache/ExperienceData/%2540anonymous/f1f1b578-fdcd-4971-ba21-810c994464bc,2 people,https://youtu.be/fgqakjyQ?si=BDnXXoQj,45 minutes,"egg, sugar, garlic, cheese, basil, beef",18455378-e214-4cbb-ab71-c497bfc4e364,0,Make sure to season well. Use olive oil for an authentic taste.
52fb3159-0ed4-48c1-968c-78c50cfeb752,Mexican Salad,Mexican style nice salad.,file:///data/user/0/host.exp.exponent/cache/ExperienceData/%2540anonymous/aeca6b7d-f174-4264-93f9-ae2580399559,1 person,https://youtu.be/iMmOLxdq?si=VElzqhvH,2 hours,"milk, butter, cheese, flour, garlic",39084c43-6957-426a-99c8-b0dda95a5c5d,0,Use fresh ingredients for better flavor. Fresh lime will enhance the flavors.
3c4ea5a0-b3d0-4de5-a81a-69f441b5a1f7,American Main Course,American style movie main course.,file:///data/user/0/host.exp.exponent/cache/ExperienceData/%2540anonymous/18e1c23e-29cc-4268-8c99-8db988985f37,1 person,https://youtu.be/aHbBvhaI?si=QJGtYYPW,2 hours,"chicken, cheese, basil, beef, onion",20b57fb0-6b0e-4d15-a535-12cfb0f929a5,0,Make sure to season well. Do not overmix when making muffins.
90006bb5-2245-4c7b-8eae-633e4628d040,American Main Course,American style budget main course.,file:///data/user/0/host.exp.exponent/cache/ExperienceData/%2540anonymous/57d0debe-9ae9-40ee-86c5-3b1dead0e37a,6 people,https://youtu.be/bMInNPjZ?si=vLRfnFtT,45 minutes,"egg, butter, onion, sugar, beef, basil",52b4b7d0-418f-428a-bf0e-7bd1baca36ac,0,Let it rest after cooking. Do not overmix when making muffins.
36997cb2-5191-4073-b755-514fa5b36c68,Italian Snack,Italian style hospital snack.,file:///data/user/0/host.exp.exponent/cache/ExperienceData/%2540anonymous/1b3578ef-ad05-4b42-955e-f04ad020e0f8,2 people,https://youtu.be/KwgfrgVj?si=uFCjIMhU,30 minutes,"cinnamon, basil, milk, egg, butter, cheese",75154f1b-05cd-4c10-bdcc-570c7eeeda53,0,Always taste as you go. Use olive oil for an authentic taste.
d4917695-eff4-4075-90c9-712362c4d96e,Indian Soup,Indian style treat soup.,file:///data/user/0/host.exp.exponent/cache/ExperienceData/%2540anonymous/7969499b-a261-40e2-bdac-af2185104f1d,2 people,https://youtu.be/CAGBmgNh?si=HesmxLVQ,30 minutes,"basil, egg, tomato",a3f1d25f-4c47-4229-82c2-81d5037c93f7,0,Use fresh ingredients for better flavor. Adjust the amount of spices if you prefer less heat.
bceb66ec-3dc6-4e09-9093-c4edbadf4167,Chinese Main Course,Chinese style should main course.,file:///data/user/0/host.exp.exponent/cache/ExperienceData/%2540anonymous/b53e1a91-f537-4246-94ad-146924c8813b,4 people,https://youtu.be/MZEvJLpJ?si=ulvLlses,2 hours,"pepper, pork, sugar",ce3eaf26-7cd0-49a4-a1b9-8f877ced4721,0,Use fresh ingredients for better flavor. Sesame oil can add a great flavor to stir-fries.
56590d97-6695-4275-80cb-60e2ec5ff9ac,American Main Course,American style share main course.,file:///data/user/0/host.exp.exponent/cache/ExperienceData/%2540anonymous/97bc67fa-9bb7-4ed4-9015-6b60627d6fd7,4 people,https://youtu.be/OPeSDaGy?si=YrzGOeEe,1 hour,"butter, onion, sugar, cheese",7ab79e99-cee5-46d2-bf06-6a9db910847a,0,Use fresh ingredients for better flavor. Do not overmix when making muffins.
998eb45c-b9ac-4d7b-b5a4-738aaf6af7b4,Indian Salad,Indian style place salad.,file:///data/user/0/host.exp.exponent/cache/ExperienceData/%2540anonymous/9224b81f-f11e-4b7f-8273-f7f7dfde2e9a,2 people,https://youtu.be/esEpaygJ?si=wqECpqkC,1 hour,"pepper, cheese, chicken, sugar, cinnamon",8600ea6f-d6c8-445b-adb7-13c721082675,0,Make sure to season well. Adjust the amount of spices if you prefer less heat.
5b028fec-8fe1-490f-bf6d-f7a6d3439b29,Indian Snack,Indian style anything snack.,file:///data/user/0/host.exp.exponent/cache/ExperienceData/%2540anonymous/207a8382-3b1b-49ef-8f2e-8dc7a98b4c30,1 person,https://youtu.be/FMGERbye?si=SMTVahQk,1 hour,"beef, sugar, flour, onion, milk, butter",01846e8d-e169-472b-bad7-0c0d07f85a6e,0,Make sure to season well. Adjust the amount of spices if you prefer less heat.
17ae78a4-68fb-48b3-a059-b18096f75c27,Indian Soup,Indian style gun soup.,file:///data/user/0/host.exp.exponent/cache/ExperienceData/%2540anonymous/eae186a4-eb22-4def-b3c6-8b2c4667c1ee,1 person,https://youtu.be/UAitryfj?si=JtJSANbC,1 hour,"onion, butter, basil, sugar, cheese",a1de17af-a5a4-4d5f-8e68-958890f5e9d4,0,Use fresh ingredients for better flavor. Adjust the amount of spices if you prefer less heat.
d7434a70-aa91-4e7a-86a0-6c36c06db5e7,Italian Snack,Italian style moment snack.,file:///data/user/0/host.exp.exponent/cache/ExperienceData/%2540anonymous/49131e13-435d-4101-a5ee-af81a7b5de4d,1 person,https://youtu.be/qpIlAlvP?si=HPIudOxp,1 hour,"flour, tomato, sugar",28538f45-19a3-4273-b440-312e8cd3feaf,0,Use fresh ingredients for better flavor. Use olive oil for an authentic taste.
3562bdba-9497-464a-902a-6974f5b90f29,Mexican Soup,Mexican style center soup.,file:///data/user/0/host.exp.exponent/cache/ExperienceData/%2540anonymous/d7103455-15c9-47bf-9864-fbce1e89078a,6 people,https://youtu.be/EgNzdUsH?si=QsRcPFop,2 hours,"beef, tomato, cinnamon, basil",db4ca761-359f-4621-b358-0f82a85c6fe2,0,Use fresh ingredients for better flavor. Fresh lime will enhance the flavors.
c69a082c-1406-46a7-8eea-05c9c1cfb2f2,American Snack,American style mouth snack.,file:///data/user/0/host.exp.exponent/cache/ExperienceData/%2540anonymous/a9c0b167-1999-450a-8b5e-eb74671784e9,4 people,https://youtu.be/UkXpNHrq?si=YoXBMclh,1 hour,"flour, basil, cheese, butter, onion, garlic",efbf00b0-071f-4d57-885b-702055387ef8,0,Always taste as you go. Do not overmix when making muffins.
4d39f070-51e8-44b0-945f-1fd2c0300135,Italian Snack,Italian style hundred snack.,file:///data/user/0/host.exp.exponent/cache/ExperienceData/%2540anonymous/93eb3437-3537-4854-9b79-5f70aad28c0f,1 person,https://youtu.be/pyjRjZvG?si=HNDdbAjE,45 minutes,"onion, beef, cinnamon, cheese, egg, pepper",77d2c4df-c8f0-4043-98cf-c6bd655eb6c4,0,Always taste as you go. Use olive oil for an authentic taste.
4a20dabc-dd71-475e-aad1-1ad46c0d71a7,Chinese Dessert,Chinese style dream dessert.,file:///data/user/0/host.exp.exponent/cache/ExperienceData/%2540anonymous/d07861ba-f628-485f-abbf-ee73d6ef61be,1 person,https://youtu.be/AhqmgRuE?si=zmlUycBU,45 minutes,"tomato, cheese, pepper, chicken",f414da91-700b-4234-9a20-897ad9501209,0,Always taste as you go. Sesame oil can add a great flavor to stir-fries.
4c0f322e-1c89-4069-b07e-b9e0b825e39f,Mexican Dessert,Mexican style member dessert.,file:///data/user/0/host.exp.exponent/cache/ExperienceData/%2540anonymous/4cf7ea1d-c611-4c40-a6ba-8cb0b86ad0ec,6 people,https://youtu.be/iEBdAYPQ?si=kfhEzqhY,30 minutes,"cheese, basil, egg, chicken, butter, pork",c625a679-d183-4dd9-88c8-0f9279355724,0,Let it rest after cooking. Fresh lime will enhance the flavors.
b81b4f0d-bdf6-49a4-9f0e-285b5ec51e67,Chinese Main Course,Chinese style pull main course.,file:///data/user/0/host.exp.exponent/cache/ExperienceData/%2540anonymous/878d453d-5555-41f4-8011-13cd348f85f9,1 person,https://youtu.be/ijHRxTct?si=AETrYxFg,2 hours,"sugar, cinnamon, basil, beef",20a71e85-c12d-4408-9ae1-bd344e220136,0,Use fresh ingredients for better flavor. Sesame oil can add a great flavor to stir-fries.
16b6df48-26e1-42f8-9a36-460b13bde1cb,American Salad,American style resource salad.,file:///data/user/0/host.exp.exponent/cache/ExperienceData/%2540anonymous/2520cd31-4439-4237-a5d4-12ac1dee3497,4 people,https://youtu.be/yCBCykBT?si=ocaFWrYl,2 hours,"cheese, onion, milk, basil, sugar, butter",3cec922a-2259-4421-bc7a-abdc4009d050,0,Always taste as you go. Do not overmix when making muffins.
d903e923-e182-4101-9bef-b913176421c9,Chinese Snack,Chinese style think snack.,file:///data/user/0/host.exp.exponent/cache/ExperienceData/%2540anonymous/d339c952-24be-4dc0-944e-5a1cb61ca91e,1 person,https://youtu.be/DXSRgWlR?si=ZtspqUJu,2 hours,"pepper, cinnamon, sugar, egg",cf7b67e6-02c2-4323-8b26-88bbbdd6f449,0,Let it rest after cooking. Sesame oil can add a great flavor to stir-fries.
403f5c76-52b1-4614-a686-21b304327eb4,Chinese Snack,Chinese style response snack.,file:///data/user/0/host.exp.exponent/cache/ExperienceData/%2540anonymous/565c4f6b-5a68-4feb-aac0-ee3738a0d336,4 people,https://youtu.be/lURDeoos?si=qqeyhkuN,45 minutes,"tomato, sugar, pepper, flour",c362676f-e353-403b-ac8f-a8f7d5cda2be,0,Use fresh ingredients for better flavor. Sesame oil can add a great flavor to stir-fries.
eea97d9c-edae-4219-9028-e1ecac14fe17,Indian Salad,Indian style experience salad.,file:///data/user/0/host.exp.exponent/cache/ExperienceData/%2540anonymous/4663060f-6969-46fa-aa42-21a247c953b9,1 person,https://youtu.be/ExUhfQev?si=YyOprLDC,2 hours,"milk, beef, chicken, sugar, onion, butter",f15ef85e-7af8-4f92-ae02-96a3ad076602,0,Let it rest after cooking. Adjust the amount of spices if you prefer less heat.
f77c4db7-1062-4032-98c9-74d61f3223a6,Mexican Soup,Mexican style take soup.,file:///data/user/0/host.exp.exponent/cache/ExperienceData/%2540anonymous/381f7548-d1a5-4a99-aaca-df8cabb2efc2,2 people,https://youtu.be/qrdNcOrE?si=MelUbWDw,45 minutes,"beef, pepper, flour, milk, butter",6f693be1-f5ae-44d0-b25e-7ef008d2a03c,0,Make sure to season well. Fresh lime will enhance the flavors.
4b9a15a7-b268-4c83-9cda-6ef47fdc8387,Italian Main Course,Italian style common main course.,file:///data/user/0/host.exp.exponent/cache/ExperienceData/%2540anonymous/e53be31b-b0a4-4a8d-a459-b7504dd9e306,6 people,https://youtu.be/xmnSHiNK?si=DqZVzyUd,1 hour,"chicken, cheese, sugar, butter, milk",ef9cb1b9-f9d4-40f8-935e-d3513b1df555,0,Let it rest after cooking. Use olive oil for an authentic taste.
d1317bda-ad05-45f8-bc26-b7fbbac5b423,Indian Snack,Indian style herself snack.,file:///data/user/0/host.exp.exponent/cache/ExperienceData/%2540anonymous/b78aa5ec-cc12-4bf5-b3b1-58803fe47406,1 person,https://youtu.be/faGdvZal?si=HsBXcNNr,1 hour,"milk, garlic, cheese, chicken",952a38a5-f9e6-479c-b970-7de3cbeb7988,0,Use fresh ingredients for better flavor. Adjust the amount of spices if you prefer less heat.
cbf5749a-a976-4415-a5e6-53408766dace,Italian Main Course,Italian style Congress main course.,file:///data/user/0/host.exp.exponent/cache/ExperienceData/%2540anonymous/f747d4e1-34e6-43b4-a328-07033676df45,1 person,https://youtu.be/JbiEIDzI?si=jENPlOnE,30 minutes,"cinnamon, sugar, pork, milk",8e4865a5-f9d1-45bb-8efd-97016d89365c,0,Always taste as you go. Use olive oil for an authentic taste.
35786842-2ebc-4c1d-b22a-3ccd1bc019dd,American Main Course,American style vote main course.,file:///data/user/0/host.exp.exponent/cache/ExperienceData/%2540anonymous/b3aa9e78-514d-42e2-8f0b-2ba56a0c32ff,2 people,https://youtu.be/rqXYzUfh?si=dMQoZZNb,1 hour,"flour, cheese, beef, basil, pepper, garlic",f9ea1888-3fb6-4d5d-aa47-db3e94706c63,0,Always taste as you go. Do not overmix when making muffins.
c3700842-d604-4e60-b5d3-4595e89cafa2,Italian Soup,Italian style rather soup.,file:///data/user/0/host.exp.exponent/cache/ExperienceData/%2540anonymous/eaf9a822-d623-410d-bb3b-6b5cc3936047,1 person,https://youtu.be/OVXFUOWC?si=kMCjRuTt,1 hour,"cheese, chicken, milk, egg",e6e0d726-b172-40b1-b0b6-30bb76ea1f9f,0,Always taste as you go. Use olive oil for an authentic taste.
9f74581b-7ce9-448d-88fd-4c5bfaadcb75,American Soup,American style analysis soup.,file:///data/user/0/host.exp.exponent/cache/ExperienceData/%2540anonymous/8c783e7d-bfbe-4db2-8742-9c415c5cbaaf,1 person,https://youtu.be/MgdJXAtn?si=ovkYpKZh,2 hours,"tomato, flour, pepper",ee84f3f2-268c-4a1a-9764-330cb2c50291,0,Let it rest after cooking. Do not overmix when making muffins.
2a48f2f5-a853-414c-9a59-484f6fb52a9b,American Salad,American style test salad.,file:///data/user/0/host.exp.exponent/cache/ExperienceData/%2540anonymous/78aa6df6-c0df-4083-b9f3-093159afc59f,6 people,https://youtu.be/OgRdgxFA?si=zIhbDuAc,1 hour,"beef, basil, flour",940a5777-c547-4545-968a-68b3713b7b5b,0,Make sure to season well. Do not overmix when making muffins.
01080eef-a7ba-492e-867e-b205ded6b40c,Chinese Snack,Chinese style by snack.,file:///data/user/0/host.exp.exponent/cache/ExperienceData/%2540anonymous/ebae6f10-ed97-4b86-9246-eb7a8655b414,4 people,https://youtu.be/RMhxDLIp?si=QvJBEPVn,1 hour,"chicken, tomato, beef, basil, sugar, flour",3d85f430-a7ec-417c-b30b-e8f9c32e1e65,0,Always taste as you go. Sesame oil can add a great flavor to stir-fries.
4d53c2a6-087c-4a58-8d69-b987f9ac8678,American Soup,American style card soup.,file:///data/user/0/host.exp.exponent/cache/ExperienceData/%2540anonymous/17293055-9d1f-49a1-a598-021377de5a04,1 person,https://youtu.be/aIpMRTCX?si=FOFhvuTB,30 minutes,"tomato, beef, cinnamon",b2e81458-0267-4ab7-8805-6421803b2821,0,Let it rest after cooking. Do not overmix when making muffins.
ba641bf7-29a8-4183-8d84-37be14f328ef,Mexican Soup,Mexican style often soup.,file:///data/user/0/host.exp.exponent/cache/ExperienceData/%2540anonymous/ab668fdd-658c-4372-b74d-068072507e60,2 people,https://youtu.be/AxQjmHip?si=kAfOBQLM,30 minutes,"beef, sugar, basil, onion, garlic",b984b548-9785-4767-aea3-1ba58e1dcbce,0,Use fresh ingredients for better flavor. Fresh lime will enhance the flavors.
8a971ee5-5da6-437b-b82b-e38cbdff51e5,Italian Main Course,Italian style stop main course.,file:///data/user/0/host.exp.exponent/cache/ExperienceData/%2540anonymous/c254446c-d364-456c-afff-5bd8454fc5d9,2 people,https://youtu.be/iIZSgNyo?si=pnaEjJNN,2 hours,"cheese, garlic, beef, flour",f68f9e10-bf90-4f7a-adf2-a7a5a0775f9e,0,Let it rest after cooking. Use olive oil for an authentic taste.
30b67871-ffd6-4eac-8c65-5bf1bfbfc196,Chinese Main Course,Chinese style policy main course.,file:///data/user/0/host.exp.exponent/cache/ExperienceData/%2540anonymous/d67f4c91-50d4-4afb-9ae3-46179eaf9325,2 people,https://youtu.be/gxKAUPQt?si=TlIcGQSr,1 hour,"milk, onion, chicken, flour",9f0a3a3f-a3b0-4dc7-85f9-21f0497af908,0,Let it rest after cooking. Sesame oil can add a great flavor to stir-fries.
d8291e1e-2eaf-4365-b748-74d8fd26923e,American Dessert,American style ability dessert.,file:///data/user/0/host.exp.exponent/cache/ExperienceData/%2540anonymous/8615fe90-c5e3-406e-9ff4-3590b7c443ca,6 people,https://youtu.be/BkhqBpMq?si=HlZootnP,2 hours,"pork, egg, beef",77381a4b-df53-4bbd-85d5-c8575581981b,0,Let it rest after cooking. Do not overmix when making muffins.
0ecaaa5b-b281-47ac-b074-86f2911426d4,Mexican Soup,Mexican style commercial soup.,file:///data/user/0/host.exp.exponent/cache/ExperienceData/%2540anonymous/6e1fd956-cbc2-4671-a22d-cf5d3ae6387b,1 person,https://youtu.be/zjBmpkDd?si=fwCieRaw,2 hours,"beef, egg, flour, milk, butter",717f14d5-1f56-4a81-8994-34c50e5ccdf7,0,Let it rest after cooking. Fresh lime will enhance the flavors.
f828dc94-5479-4c1b-9c46-e65ec80d400f,Mexican Snack,Mexican style build snack.,file:///data/user/0/host.exp.exponent/cache/ExperienceData/%2540anonymous/55728557-ffcb-4683-9d78-ac2f36b4aeca,4 people,https://youtu.be/CrXwWrUf?si=IVwzoOzv,45 minutes,"garlic, pork, beef",de375451-3f8c-4fdf-85d4-6dcfb415cc4c,0,Make sure to season well. Fresh lime will enhance the flavors.
d24205ff-e3ed-4ca0-8fb9-fbda5b68575b,American Dessert,American style candidate dessert.,file:///data/user/0/host.exp.exponent/cache/ExperienceData/%2540anonymous/fd49691f-caa1-4aa3-835c-a02c13eaddd3,2 people,https://youtu.be/wKEqaXIJ?si=TleBDmSR,1 hour,"egg, tomato, milk, cheese",5ee72691-1526-40ff-b516-95f9dabeca30,0,Always taste as you go. Do not overmix when making muffins.
632fb631-bd3e-4798-94ff-0a473947d455,Chinese Soup,Chinese style base soup.,file:///data/user/0/host.exp.exponent/cache/ExperienceData/%2540anonymous/0f5bfd1b-aac7-45e2-a066-485b8526876f,6 people,https://youtu.be/dMGtHuGB?si=BrHcDuke,45 minutes,"flour, milk, butter",b200ec51-609f-44c6-98fe-68a168c07115,0,Use fresh ingredients for better flavor. Sesame oil can add a great flavor to stir-fries.
4353f116-e046-4200-a031-d93ce16c0a73,American Main Course,American style policy main course.,file:///data/user/0/host.exp.exponent/cache/ExperienceData/%2540anonymous/3c041e3d-9ee1-4607-8f45-3431bf83274c,1 person,https://youtu.be/UxACUDXf?si=DHApetHp,45 minutes,"pork, basil, egg",791e8d43-529c-4e2f-80e2-6440700d586e,0,Let it rest after cooking. Do not overmix when making muffins.
b105ae19-d412-4399-bca4-3784ff674e0f,American Soup,American style receive soup.,file:///data/user/0/host.exp.exponent/cache/ExperienceData/%2540anonymous/2ddd8376-85d9-426b-a0b7-941a0944ca79,6 people,https://youtu.be/fToVmbtP?si=vebhyZgT,2 hours,"cinnamon, tomato, onion",ee0fc56a-26a6-46a8-981d-78b0ec614da4,0,Use fresh ingredients for better flavor. Do not overmix when making muffins.
0dc74a4f-7b49-40dc-b1b8-6398ae47c0b1,Mexican Main Course,Mexican style seem main course.,file:///data/user/0/host.exp.exponent/cache/ExperienceData/%2540anonymous/7314a275-d852-457b-acc7-2bd64df94ffd,1 person,https://youtu.be/GOgXjoFp?si=hiehqsJJ,45 minutes,"beef, basil, flour",c372200e-da5f-4e39-ae58-860dfd0e252b,0,Let it rest after cooking. Fresh lime will enhance the flavors.
2ae09d97-5945-4c13-a46a-739172bfb245,Italian Soup,Italian style hard soup.,file:///data/user/0/host.exp.exponent/cache/ExperienceData/%2540anonymous/a1362ef0-0d7d-45b0-a1e8-08e0b8d14ce0,2 people,https://youtu.be/FLUSxBil?si=XQoKPKKm,30 minutes,"chicken, tomato, cinnamon, basil, egg",6b71c746-bd1a-4d95-920c-cb83085fc284,0,Always taste as you go. Use olive oil for an authentic taste.
899a3805-5799-4ce9-bcfc-c1eacb7a6916,Indian Main Course,Indian style board main course.,file:///data/user/0/host.exp.exponent/cache/ExperienceData/%2540anonymous/17f0b87c-7a65-421a-b28b-7420a085b2a4,6 people,https://youtu.be/kPGgvoYQ?si=XPLJkUrB,45 minutes,"cinnamon, egg, flour",cc1ae747-4069-4142-833b-a4528dec45da,0,Use fresh ingredients for better flavor. Adjust the amount of spices if you prefer less heat.
449a2ecd-bd74-408a-9f3b-43432b8cd4fd,Indian Snack,Indian style pick snack.,file:///data/user/0/host.exp.exponent/cache/ExperienceData/%2540anonymous/c438126a-7a85-40b6-9323-3b7c7546d52d,6 people,https://youtu.be/XAwvUiRc?si=pOTHnyyf,45 minutes,"pork, pepper, tomato, basil, egg",c38cb78a-0c8e-4526-a65a-92c0e98b4966,0,Let it rest after cooking. Adjust the amount of spices if you prefer less heat.
25a75f5b-b550-44b6-8637-6d62da7420fb,Mexican Dessert,Mexican style buy dessert.,file:///data/user/0/host.exp.exponent/cache/ExperienceData/%2540anonymous/ec266293-1d2e-4648-81ee-90bded927842,4 people,https://youtu.be/zAoUJCql?si=JytIVOzA,45 minutes,"pork, cheese, basil, flour, egg",980ccefa-a14f-46b1-818a-d3b62ba85ca9,0,Always taste as you go. Fresh lime will enhance the flavors.
4a8008da-2629-4f7f-8186-bab14309db45,American Snack,American style increase snack.,file:///data/user/0/host.exp.exponent/cache/ExperienceData/%2540anonymous/3386feea-10f3-4278-ac44-4636069dd35c,1 person,https://youtu.be/RLVViqVe?si=wVlzEfCA,1 hour,"pepper, tomato, milk, pork, beef, basil",c03ef41f-9456-4fbe-acaf-46cb1fe49e28,0,Always taste as you go. Do not overmix when making muffins.
bdd1570a-63d7-4bd2-99ee-26c623e55365,Mexican Main Course,Mexican style range main course.,file:///data/user/0/host.exp.exponent/cache/ExperienceData/%2540anonymous/a70d75ea-1dc3-49df-bbda-d0248e97ae38,4 people,https://youtu.be/ZGvZGBqF?si=sNhJcItw,2 hours,"cinnamon, butter, chicken, egg",6a51a16a-006e-4a7e-a343-534aea2c3961,0,Use fresh ingredients for better flavor. Fresh lime will enhance the flavors.
9d322107-3748-476f-8a25-06b4eeb8dcfa,Italian Snack,Italian style item snack.,file:///data/user/0/host.exp.exponent/cache/ExperienceData/%2540anonymous/37e98d5b-43f9-4e0b-bc45-4d4d23766a79,2 people,https://youtu.be/rqWEZsPd?si=TdTWcnTs,2 hours,"sugar, basil, onion, butter, cheese, chicken",4851889e-634e-4b77-a3fe-b30ef85c43b7,0,Always taste as you go. Use olive oil for an authentic taste.
7d3a8c27-2d7b-4c23-bb16-10c0da9bbfe9,Mexican Main Course,Mexican style expect main course.,file:///data/user/0/host.exp.exponent/cache/ExperienceData/%2540anonymous/5e6ab560-5840-49f6-a92b-2e98ca86f1c2,2 people,https://youtu.be/xLMGctuo?si=yPWSaBfT,2 hours,"flour, pepper, milk",0bf727ef-5ebb-4b94-92b8-86447148173b,0,Make sure to season well. Fresh lime will enhance the flavors.
d2ca6665-b81c-460b-9c7c-ef717eb911ba,Mexican Main Course,Mexican style white main course.,file:///data/user/0/host.exp.exponent/cache/ExperienceData/%2540anonymous/b02709da-7ec3-4e34-bfa1-36e566006043,1 person,https://youtu.be/vqrtnfvF?si=BSuwSfyZ,2 hours,"pork, butter, flour, egg, milk",30b0af47-5231-442f-a159-0d6bb68f1cc0,0,Make sure to season well. Fresh lime will enhance the flavors.
cf17a32c-79d5-48bc-b65a-90a8e4532346,American Dessert,American style happen dessert.,file:///data/user/0/host.exp.exponent/cache/ExperienceData/%2540anonymous/d9eb52d7-0cb6-4e85-a6b6-7bccbd2b0492,6 people,https://youtu.be/GCTvWxNB?si=UEiVuPwo,1 hour,"pepper, pork, basil",e224b538-2f12-4578-bf98-b700d4971fc9,0,Let it rest after cooking. Do not overmix when making muffins.
14a18777-dec3-4f34-90e2-736273e08ec8,Indian Main Course,Indian style team main course.,file:///data/user/0/host.exp.exponent/cache/ExperienceData/%2540anonymous/eca5ffaa-e324-494c-9599-d78c3cce625d,2 people,https://youtu.be/BPXDjuAG?si=MkIlQNMv,1 hour,"sugar, tomato, beef",94ebb695-17b9-4a2c-b49a-890105db9acc,0,Let it rest after cooking. Adjust the amount of spices if you prefer less heat.
72fcad29-a751-42c1-9648-d9777da34148,Italian Dessert,Italian style tree dessert.,file:///data/user/0/host.exp.exponent/cache/ExperienceData/%2540anonymous/dd46d7e2-fa4b-44a9-8b10-51f80bca38a3,6 people,https://youtu.be/CaiIKcuo?si=kgSjRurS,30 minutes,"butter, cinnamon, cheese, onion",bf9f6a14-3b1a-4382-b1f5-bb4f62125b75,0,Make sure to season well. Use olive oil for an authentic taste.
ba6583f9-119d-4f76-9ae7-10a71f9e613a,Indian Salad,Indian style oil salad.,file:///data/user/0/host.exp.exponent/cache/ExperienceData/%2540anonymous/aa6509da-074f-4ee5-9b50-bc1403547452,6 people,https://youtu.be/aZaDqPJX?si=uPspiuCK,30 minutes,"chicken, cheese, cinnamon",d508614a-fd16-451f-ba9b-2e447ed1a5ee,0,Use fresh ingredients for better flavor. Adjust the amount of spices if you prefer less heat.
4a5a5fc0-2224-4bb9-bdf5-12299b68838a,American Salad,American style bar salad.,file:///data/user/0/host.exp.exponent/cache/ExperienceData/%2540anonymous/0623bef1-5f51-4e22-801b-84bb92265df2,6 people,https://youtu.be/ewsBJchg?si=rbaFfXAp,1 hour,"egg, pork, sugar, milk, cheese",1908180e-04c0-49fa-b692-09cb6af997dc,0,Make sure to season well. Do not overmix when making muffins.
d8c5958e-b2f5-4ea7-8e16-e13e21b79abd,American Soup,American style thus soup.,file:///data/user/0/host.exp.exponent/cache/ExperienceData/%2540anonymous/79964f1a-c385-4cbd-92fc-698aa5540c01,2 people,https://youtu.be/mvAsDKXA?si=LTpgYPJG,45 minutes,"butter, cinnamon, beef",ec991cc5-84fb-44e0-b7e2-595cf205b6a3,0,Use fresh ingredients for better flavor. Do not overmix when making muffins.
54047ce5-5fad-49ec-a385-d3fad36eebc6,American Main Course,American style bit main course.,file:///data/user/0/host.exp.exponent/cache/ExperienceData/%2540anonymous/36ea4c9f-ee80-4d49-8adf-8177d921be2e,6 people,https://youtu.be/gkSEERpN?si=hOsePGqZ,1 hour,"butter, garlic, beef, basil",9abc8f22-ceb0-4481-a44a-16c74e59e077,0,Always taste as you go. Do not overmix when making muffins.
41b93240-c742-4a2a-bd3f-0eaf91644bda,Italian Salad,Italian style commercial salad.,file:///data/user/0/host.exp.exponent/cache/ExperienceData/%2540anonymous/24fc0f4a-b28e-4dca-961f-f13c0db964ba,2 people,https://youtu.be/xOhjSIML?si=kcaYhRYr,2 hours,"garlic, basil, egg, tomato, beef",6a9f1f67-a390-44cb-ad78-f7512e4560cb,0,Use fresh ingredients for better flavor. Use olive oil for an authentic taste.
4f11e949-d2ca-4568-9bc7-3970ddea908c,Italian Main Course,Italian style floor main course.,file:///data/user/0/host.exp.exponent/cache/ExperienceData/%2540anonymous/7df6611d-47d7-4527-a075-5c163e2d873b,1 person,https://youtu.be/ItfcufzI?si=RQlGBREG,2 hours,"milk, cheese, beef, sugar",8a447fda-cfb7-4f38-a606-f578bc1fcc45,0,Use fresh ingredients for better flavor. Use olive oil for an authentic taste.
e0d76516-75bf-4af7-851a-6007ec33069d,Indian Soup,Indian style who soup.,file:///data/user/0/host.exp.exponent/cache/ExperienceData/%2540anonymous/d435ef4c-604e-4a84-9542-cd6afd436804,6 people,https://youtu.be/BTvloTjm?si=hklkCXTM,1 hour,"milk, tomato, onion",f3c54268-52f4-4353-97ac-7418739ba8c3,0,Make sure to season well. Adjust the amount of spices if you prefer less heat.
2f20bc86-c093-475b-9648-c080e5f7da43,Chinese Snack,Chinese style page snack.,file:///data/user/0/host.exp.exponent/cache/ExperienceData/%2540anonymous/b8660b56-4617-4171-ab05-eba4253b32ad,2 people,https://youtu.be/bcrvFsir?si=qwrFVuLe,1 hour,"pork, garlic, egg, butter, cheese, beef",81fe41c3-a37e-44b8-823a-ea404ce20703,0,Always taste as you go. Sesame oil can add a great flavor to stir-fries.
cc7056d3-fe5f-4f5f-ad4f-85ea829c87a2,Italian Dessert,Italian style college dessert.,file:///data/user/0/host.exp.exponent/cache/ExperienceData/%2540anonymous/fba2f112-6ee6-4982-9bf9-cba4f15df4ad,1 person,https://youtu.be/toiInMff?si=eyOpjKOF,30 minutes,"milk, egg, sugar",2d1a351d-33ad-4f87-9c6d-4ddcf9b6b7fe,0,Let it rest after cooking. Use olive oil for an authentic taste.
f0a03e41-1625-4bd8-bdd2-9cd3b5699201,Indian Main Course,Indian style need main course.,file:///data/user/0/host.exp.exponent/cache/ExperienceData/%2540anonymous/a649cac4-44e7-450d-a2d4-0e3fda6c5db4,6 people,https://youtu.be/ARETLsvz?si=dXHgfGsG,1 hour,"butter, flour, tomato",2fd9386f-0cca-447b-a28e-2a6cc6f70762,0,Always taste as you go. Adjust the amount of spices if you prefer less heat.
e29d1b7c-e06c-4908-bd3d-af1d6a407c4b,Italian Snack,Italian style data snack.,file:///data/user/0/host.exp.exponent/cache/ExperienceData/%2540anonymous/ac427398-e69e-4510-ac07-a452c8a6a83b,1 person,https://youtu.be/PjNVxLwh?si=vsAsBiLL,2 hours,"garlic, chicken, pepper, flour",72cd6a3c-1dfd-4427-89b3-a44c9ea3d5b6,0,Let it rest after cooking. Use olive oil for an authentic taste.
316dceda-79b7-493e-8e4a-ae41b1f93ae0,Mexican Soup,Mexican style pick soup.,file:///data/user/0/host.exp.exponent/cache/ExperienceData/%2540anonymous/2d9bc996-a34f-4e3f-887a-db70d7bc93fe,1 person,https://youtu.be/GafHyGAm?si=ekDIIyri,45 minutes,"flour, basil, cheese, chicken",5c061d15-cd17-4243-ae7b-a9eba9f30b95,0,Use fresh ingredients for better flavor. Fresh lime will enhance the flavors.
c1ed2cfa-7ab0-4af0-a467-ac2e28ea34ba,Italian Salad,Italian style ready salad.,file:///data/user/0/host.exp.exponent/cache/ExperienceData/%2540anonymous/d8de71ed-1f13-4423-820f-a118e149e78d,1 person,https://youtu.be/OHhGcZdr?si=ZtzbrZdF,1 hour,"basil, tomato, butter, cheese",7e2a6e74-bbc2-40e2-985f-e4b97f11d7be,0,Always taste as you go. Use olive oil for an authentic taste.
d330cc0c-e13d-475f-a9e3-269569d550fc,Chinese Soup,Chinese style such soup.,file:///data/user/0/host.exp.exponent/cache/ExperienceData/%2540anonymous/8d36bdb3-1cdd-43d0-b41a-a0470da2da87,4 people,https://youtu.be/vqcUhNJI?si=QIXkPwFK,1 hour,"flour, pork, butter, tomato",84bf04f7-962b-4897-9e38-8682072db3d3,0,Use fresh ingredients for better flavor. Sesame oil can add a great flavor to stir-fries.
ef73df33-23f0-43f0-a2bc-335a4e985549,Chinese Soup,Chinese style use soup.,file:///data/user/0/host.exp.exponent/cache/ExperienceData/%2540anonymous/497400c3-1ae8-4afe-9ded-11a230da3d94,2 people,https://youtu.be/HOznnTCN?si=UnaGPJlr,2 hours,"cinnamon, onion, sugar",8c9e061b-a29d-4400-b358-15fc44dd5fc1,0,Make sure to season well. Sesame oil can add a great flavor to stir-fries.
82bd99e7-88f2-455b-a53f-88824519a554,Mexican Main Course,Mexican style station main course.,file:///data/user/0/host.exp.exponent/cache/ExperienceData/%2540anonymous/3995ff74-d9ae-4d1e-94d3-8b83144f7f42,2 people,https://youtu.be/ysoFCZLD?si=qHWyTFYR,30 minutes,"onion, egg, pork, cheese, flour",4c480b2e-fc18-47be-9e86-315317db9690,0,Let it rest after cooking. Fresh lime will enhance the flavors.
e992b76d-2d36-41ad-b098-e695304f86d0,American Salad,American style talk salad.,file:///data/user/0/host.exp.exponent/cache/ExperienceData/%2540anonymous/9d0a6391-9bd6-403a-8f56-00acfee55cca,4 people,https://youtu.be/mIhMqVuU?si=LYWuOvVF,30 minutes,"cinnamon, flour, egg, sugar, butter",17a79456-f527-4c0b-88b6-c67b95cb9c78,0,Always taste as you go. Do not overmix when making muffins.
ed0273f5-1351-48e0-992a-75ca57bd8b1a,American Soup,American style sort soup.,file:///data/user/0/host.exp.exponent/cache/ExperienceData/%2540anonymous/852ac6b8-64a4-4f23-b5b9-b6b65e3e4c3c,6 people,https://youtu.be/zHdLrhKp?si=qJyZslbk,45 minutes,"basil, chicken, butter, pork, sugar",eaaf5597-cf2e-4e31-8b21-f847998118c0,0,Always taste as you go. Do not overmix when making muffins.
7d895109-7bee-4c9e-9c88-bebaf3fbe824,Indian Snack,Indian style issue snack.,file:///data/user/0/host.exp.exponent/cache/ExperienceData/%2540anonymous/af4504b7-a4d5-4be5-b06c-c4881ff4b659,6 people,https://youtu.be/jxzjSdUG?si=FvhmWLbG,1 hour,"pork, flour, egg, cheese, onion, basil",7571be88-4523-4ff6-bca5-b9b324951d50,0,Let it rest after cooking. Adjust the amount of spices if you prefer less heat.
bd46a3ab-dc48-4436-9254-e8f9bba7e520,Indian Dessert,Indian style job dessert.,file:///data/user/0/host.exp.exponent/cache/ExperienceData/%2540anonymous/083bd392-4a96-46db-93f1-a175b171ed4f,4 people,https://youtu.be/PzynUdME?si=qyXyppmi,30 minutes,"butter, chicken, pepper, cinnamon, flour",a80d5010-3760-492a-b2bd-7ca1573e695f,0,Always taste as you go. Adjust the amount of spices if you prefer less heat.
72e8bda7-b335-4429-a8ee-47f37f88bab6,Chinese Soup,Chinese style traditional soup.,file:///data/user/0/host.exp.exponent/cache/ExperienceData/%2540anonymous/97b964ca-959a-4a03-a2e4-f6e5a77a7594,4 people,https://youtu.be/tsxOXcUG?si=rIwJdMnz,45 minutes,"cinnamon, pepper, chicken, milk, flour, sugar",b609eb5b-b279-4635-bf59-8c9d4d133cba,0,Always taste as you go. Sesame oil can add a great flavor to stir-fries.
3b2120da-7eeb-436f-aebb-6a4adfa2c35f,Mexican Soup,Mexican style organization soup.,file:///data/user/0/host.exp.exponent/cache/ExperienceData/%2540anonymous/047c9878-ab53-4506-927b-880579c765ce,1 person,https://youtu.be/rWxJIISS?si=fHkbVDFs,1 hour,"flour, basil, cheese, milk, garlic, beef",e84a32ba-d19e-4bfa-ad1e-e778f48c1ff2,0,Make sure to season well. Fresh lime will enhance the flavors.
e1b00d5e-336f-412f-a395-9e852b27edac,Mexican Dessert,Mexican style manager dessert.,file:///data/user/0/host.exp.exponent/cache/ExperienceData/%2540anonymous/5f3d62b2-6166-4a24-9684-7d090b1bdf57,4 people,https://youtu.be/aliWojKS?si=GPnCrEqW,2 hours,"pepper, basil, chicken, garlic, tomato, pork",96bded1a-5426-4bcd-b936-9ba371f482d7,0,Always taste as you go. Fresh lime will enhance the flavors.
f6d26372-540a-4a64-98fd-bd2b2007032a,Mexican Salad,Mexican style learn salad.,file:///data/user/0/host.exp.exponent/cache/ExperienceData/%2540anonymous/0c475b0a-4966-4a1b-80e2-dfa5294f9e7a,2 people,https://youtu.be/rffLlXGG?si=NvfFgWTV,30 minutes,"cinnamon, milk, garlic, basil",fadea278-38b1-4dac-8d3a-41b2b3a36830,0,Let it rest after cooking. Fresh lime will enhance the flavors.
93b55f10-84ab-49aa-9d02-882e1dfd1375,American Main Course,American style listen main course.,file:///data/user/0/host.exp.exponent/cache/ExperienceData/%2540anonymous/7bfdf94d-2877-4c38-88a4-6ba36bb5692e,2 people,https://youtu.be/CbxxWoEt?si=jLVlRnrb,45 minutes,"cheese, sugar, basil",edfef635-4bd6-4df0-8bc5-7aab71acb02c,0,Always taste as you go. Do not overmix when making muffins.
f65d2a18-17fa-4c9e-adda-e8e37776e4ad,Italian Salad,Italian style act salad.,file:///data/user/0/host.exp.exponent/cache/ExperienceData/%2540anonymous/ebb5b2ef-cf2a-497d-a683-ea71338eb960,1 person,https://youtu.be/ysotVEwQ?si=hhRqrsOx,2 hours,"tomato, egg, beef",a35fb41e-487c-4d80-8dbc-ef7b4f5ed239,0,Always taste as you go. Use olive oil for an authentic taste.
4db38027-10c2-4d5e-8706-7287f19f2500,Italian Snack,Italian style history snack.,file:///data/user/0/host.exp.exponent/cache/ExperienceData/%2540anonymous/dab05875-f204-40fe-a6eb-681836a64b99,1 person,https://youtu.be/dpYoSYzN?si=iccYAlzV,30 minutes,"sugar, cheese, beef, basil, pork",92b78e64-7599-4d1a-9256-27afbfc2a2dc,0,Always taste as you go. Use olive oil for an authentic taste.
b9e17363-db36-4be2-bf8c-a880366d4aac,Mexican Soup,Mexican style financial soup.,file:///data/user/0/host.exp.exponent/cache/ExperienceData/%2540anonymous/9b801cc1-6de3-48f6-ad74-c7921bfa6bd5,1 person,https://youtu.be/GEeegzVD?si=rLCkoeYO,30 minutes,"cheese, milk, onion, garlic, beef, pepper",21bfc2e3-351d-44aa-8617-05a4c6eeb6e6,0,Make sure to season well. Fresh lime will enhance the flavors.
6295b615-d73a-4306-a4dd-414dc1c3977c,American Snack,American style senior snack.,file:///data/user/0/host.exp.exponent/cache/ExperienceData/%2540anonymous/be3fdc63-3e68-4795-8148-56b07deb7c29,2 people,https://youtu.be/pbNfohqd?si=LReKowtp,2 hours,"butter, basil, pork",6d7d7e73-d1b0-406d-8d5d-1e2e8d6ad09b,0,Let it rest after cooking. Do not overmix when making muffins.
350709dd-788f-4dc3-a592-6ff939b704cd,Indian Salad,Indian style red salad.,file:///data/user/0/host.exp.exponent/cache/ExperienceData/%2540anonymous/84844560-f1d6-49ca-8705-86ece10fa1b0,1 person,https://youtu.be/orJghrQh?si=LOycLvJK,1 hour,"butter, cheese, pork",2784f51d-efae-4f0f-93dd-b3306a7d2afa,0,Use fresh ingredients for better flavor. Adjust the amount of spices if you prefer less heat.
92d8e155-0ba0-4905-b2d4-0be215db7414,Italian Soup,Italian style large soup.,file:///data/user/0/host.exp.exponent/cache/ExperienceData/%2540anonymous/cea6f3e9-4862-4941-bc7e-3da2d1503126,6 people,https://youtu.be/damFSjsp?si=vZJPxjpZ,45 minutes,"pork, tomato, egg, pepper, beef",fd77fb86-2e62-436d-8e4b-d8232e034d77,0,Always taste as you go. Use olive oil for an authentic taste.
69f32acf-20c1-4353-970e-abe6d3d193ef,American Dessert,American style ever dessert.,file:///data/user/0/host.exp.exponent/cache/ExperienceData/%2540anonymous/17035b2d-4548-41ee-85ff-0be4c73e1d5f,2 people,https://youtu.be/NFyEmXxx?si=zNWLqSAL,45 minutes,"flour, onion, pepper, sugar",ff8487d2-6a15-47db-bfe5-32a1607a0a6c,0,Use fresh ingredients for better flavor. Do not overmix when making muffins.
e4622682-366d-40ee-a7eb-30f4a8e3d6ef,Italian Snack,Italian style story snack.,file:///data/user/0/host.exp.exponent/cache/ExperienceData/%2540anonymous/5b8dd561-eff0-4eeb-8692-d5d26b197fb6,4 people,https://youtu.be/oqhpLjSh?si=VuCkssup,2 hours,"onion, egg, beef, pepper",2363c8b0-d76d-4eff-9de5-42697af1480d,0,Always taste as you go. Use olive oil for an authentic taste.
0479958a-f7a6-452a-84fd-1290c000bc3a,Mexican Snack,Mexican style investment snack.,file:///data/user/0/host.exp.exponent/cache/ExperienceData/%2540anonymous/40e30c6d-bb26-4dd3-8e35-441d6cd574f5,4 people,https://youtu.be/fpfuQZDO?si=PEssRFxN,30 minutes,"garlic, pork, egg, basil",19149b55-5273-420d-a3b7-42a428951aa0,0,Let it rest after cooking. Fresh lime will enhance the flavors.
b29af6a9-3d24-437c-9c5c-90a78bd723cf,American Snack,American style spring snack.,file:///data/user/0/host.exp.exponent/cache/ExperienceData/%2540anonymous/7fd72269-d530-44a1-8242-0d4bc0449be4,4 people,https://youtu.be/VmgndLht?si=tFLYHefJ,45 minutes,"sugar, beef, basil, cheese",f6772683-e7d5-47df-b6ee-85cf153bd6f6,0,Let it rest after cooking. Do not overmix when making muffins.
f362f28d-f181-4090-9f4c-1c52f84efb56,Mexican Main Course,Mexican style town main course.,file:///data/user/0/host.exp.exponent/cache/ExperienceData/%2540anonymous/54adab6f-509a-4a47-bbde-96c81336d772,6 people,https://youtu.be/KFghvxVj?si=SzqvwljU,30 minutes,"cheese, sugar, cinnamon, garlic, tomato",329e6b63-b31c-4894-b27b-0fe368a67f89,0,Always taste as you go. Fresh lime will enhance the flavors.
a76b15c8-953e-4665-95b2-4eaad94ee7d4,Chinese Main Course,Chinese style real main course.,file:///data/user/0/host.exp.exponent/cache/ExperienceData/%2540anonymous/c21b5bce-b554-4009-ae9e-372464248722,1 person,https://youtu.be/owaYtFjA?si=HfoQrgtP,1 hour,"flour, cinnamon, butter, egg",aa82c78f-e999-4f66-80df-ef3ae18466d4,0,Make sure to season well. Sesame oil can add a great flavor to stir-fries.
0d417237-cac6-4278-ae89-e1291af09bf4,Chinese Snack,Chinese style control snack.,file:///data/user/0/host.exp.exponent/cache/ExperienceData/%2540anonymous/515e2555-4391-487d-b535-b473a2794edc,2 people,https://youtu.be/oqUEuNtT?si=AnXXZyPX,45 minutes,"sugar, beef, tomato",49e05e05-7646-4e2d-bc6c-9092ab603622,0,Make sure to season well. Sesame oil can add a great flavor to stir-fries.
6656cdf3-cb39-47ea-bae1-dfe17bc2eb97,Italian Snack,Italian style style snack.,file:///data/user/0/host.exp.exponent/cache/ExperienceData/%2540anonymous/e3403640-3bd1-4e69-bdff-7a01573250ef,1 person,https://youtu.be/qIsFTWjn?si=zcawlfFG,1 hour,"pepper, butter, garlic, tomato",a9a3aaaf-a317-4aeb-88de-183b1abda4d4,0,Use fresh ingredients for better flavor. Use olive oil for an authentic taste.
ebb18a35-033b-41ca-9053-dac97b8b06d2,Mexican Dessert,Mexican style feel dessert.,file:///data/user/0/host.exp.exponent/cache/ExperienceData/%2540anonymous/27f3319f-a405-4e3d-83cc-5e3b80e2dd1f,1 person,https://youtu.be/GLRLWQoX?si=LhMcbXMD,45 minutes,"flour, egg, garlic",47b397d6-68dc-4768-be60-823df7c6587d,0,Let it rest after cooking. Fresh lime will enhance the flavors.
8ff45bcd-c75e-4afc-8dd9-0b2db740604f,Italian Main Course,Italian style watch main course.,file:///data/user/0/host.exp.exponent/cache/ExperienceData/%2540anonymous/6e3e7035-b538-4773-b588-a3fda8aa70bf,2 people,https://youtu.be/LykQDIaa?si=obhrWkDe,1 hour,"milk, beef, pepper",26d37363-df1b-4a88-88dd-4d56014b4e34,0,Always taste as you go. Use olive oil for an authentic taste.
6f358f71-21ce-4776-80f1-f8372ad23735,Indian Salad,Indian style task salad.,file:///data/user/0/host.exp.exponent/cache/ExperienceData/%2540anonymous/4be92318-1750-406d-9ec6-75ab5ed0ea58,1 person,https://youtu.be/NbcoFmsG?si=FCmhLLKb,30 minutes,"tomato, beef, pork, milk, basil, garlic",31d9369e-8b28-48c0-9112-3724c13bc1de,0,Let it rest after cooking. Adjust the amount of spices if you prefer less heat.
ac95cdf1-9ed1-4e1e-a81b-01b41cef5a47,Chinese Dessert,Chinese style single dessert.,file:///data/user/0/host.exp.exponent/cache/ExperienceData/%2540anonymous/fdc1651b-8923-4a5d-8833-7f2365d0250e,1 person,https://youtu.be/OTtuuxLZ?si=ORtBaiwv,2 hours,"basil, garlic, cinnamon, tomato",004c2696-ad32-4d59-9ecd-efae1aae9b45,0,Use fresh ingredients for better flavor. Sesame oil can add a great flavor to stir-fries.
f967b012-3173-4859-823a-38ed7df3afa6,Indian Snack,Indian style remain snack.,file:///data/user/0/host.exp.exponent/cache/ExperienceData/%2540anonymous/f2864bab-7719-4423-82f1-dfd60b479269,2 people,https://youtu.be/bzHPbowu?si=dkHiEQWo,1 hour,"cheese, pork, cinnamon, sugar, tomato, beef",0ffc0cd0-6244-447f-8b94-00fb6b4eb243,0,Let it rest after cooking. Adjust the amount of spices if you prefer less heat.
db63dc81-03f5-4b90-8ce1-d5b36e3e5e0d,Mexican Salad,Mexican style performance salad.,file:///data/user/0/host.exp.exponent/cache/ExperienceData/%2540anonymous/50eda24b-8416-4bf7-bfa6-a74dd7c3a581,2 people,https://youtu.be/kCcIfXDn?si=WIRnIihz,1 hour,"egg, sugar, pork",570d7249-4a8e-48e4-8826-99bfcbe6fd9e,0,Let it rest after cooking. Fresh lime will enhance the flavors.
62cc37ce-74b3-4244-8d90-d88a928e71a9,American Dessert,American style carry dessert.,file:///data/user/0/host.exp.exponent/cache/ExperienceData/%2540anonymous/db4d0e9a-a360-45d8-b04a-3d07a75120ca,2 people,https://youtu.be/cBdnMsgT?si=xjtiikAo,1 hour,"butter, egg, chicken, basil, pepper, garlic",62d52ea0-8d28-4bc9-95fd-2f942a819efc,0,Use fresh ingredients for better flavor. Do not overmix when making muffins.
9efbafda-259a-4468-a7d7-553cc1502acf,Chinese Snack,Chinese style individual snack.,file:///data/user/0/host.exp.exponent/cache/ExperienceData/%2540anonymous/3c913c58-098a-48db-a175-59343f825403,2 people,https://youtu.be/BiMUvZXT?si=MLMUUCHS,1 hour,"sugar, tomato, onion, pork, cheese",3c2e66ea-7f7e-4694-a392-e22c780f574e,0,Use fresh ingredients for better flavor. Sesame oil can add a great flavor to stir-fries.
d4029a6d-1eeb-4f1e-814c-02d5ba7c779e,Chinese Main Course,Chinese style whatever main course.,file:///data/user/0/host.exp.exponent/cache/ExperienceData/%2540anonymous/b5a24978-acb8-4d0c-8f75-3e87a8fdc732,2 people,https://youtu.be/ajbBFgGu?si=zSUxsUch,30 minutes,"egg, beef, garlic, cheese",23fc559d-d3a9-454d-b520-856ee511bce3,0,Make sure to season well. Sesame oil can add a great flavor to stir-fries.
f6419f22-afaf-49be-95fb-5c518aea31e4,Chinese Snack,Chinese style note snack.,file:///data/user/0/host.exp.exponent/cache/ExperienceData/%2540anonymous/5ccd494e-2586-49a8-ac6f-1b067d80be35,1 person,https://youtu.be/UBFBPNSv?si=LwRjDTye,30 minutes,"tomato, chicken, beef, cheese",40f7b2f0-5a37-4912-b948-9f5ccb0a539e,0,Always taste as you go. Sesame oil can add a great flavor to stir-fries.
bcd667f9-942e-464c-8530-2e3253fe8f65,Mexican Salad,Mexican style name salad.,file:///data/user/0/host.exp.exponent/cache/ExperienceData/%2540anonymous/0c043045-3772-44de-bd6f-b2c8ef4c0fd6,2 people,https://youtu.be/sDJCRCgn?si=hFmPfQvd,30 minutes,"sugar, pork, tomato, cinnamon",d626a1db-8686-4338-a836-1bb6e9975081,0,Let it rest after cooking. Fresh lime will enhance the flavors.
33629fa8-7af7-49a0-b2ce-c41d036c77f3,Indian Main Course,Indian style fear main course.,file:///data/user/0/host.exp.exponent/cache/ExperienceData/%2540anonymous/fe5bcf8f-27ef-4ab3-8bf3-9b2fe70baafc,4 people,https://youtu.be/MqJDOfPK?si=MwDDhiaj,30 minutes,"cinnamon, sugar, tomato, pepper, pork, chicken",99565265-497d-4d52-b19f-19bc9baef804,0,Make sure to season well. Adjust the amount of spices if you prefer less heat.
18dc2dd3-f5c0-453f-9d92-d8bbb237abbc,American Soup,American style think soup.,file:///data/user/0/host.exp.exponent/cache/ExperienceData/%2540anonymous/30fd5149-1ecd-4641-bace-d1927d5d8905,6 people,https://youtu.be/SBvQacSd?si=ExIuuegX,2 hours,"pork, onion, basil, tomato",df55dfc3-7e1a-4f2d-951e-86d0f8641d41,0,Make sure to season well. Do not overmix when making muffins.
2a4a7a2e-ebe4-4333-b218-64f178b7a75e,Mexican Snack,Mexican style instead snack.,file:///data/user/0/host.exp.exponent/cache/ExperienceData/%2540anonymous/9bb71944-746b-4345-bcdf-9fc134442732,4 people,https://youtu.be/BABEEQkO?si=tBPemUrM,2 hours,"cinnamon, tomato, onion, cheese",e94833d7-7365-4842-a443-b512fda553a4,0,Use fresh ingredients for better flavor. Fresh lime will enhance the flavors.
ae4a4a49-0629-411e-beaa-f2786e0ad01c,American Snack,American style response snack.,file:///data/user/0/host.exp.exponent/cache/ExperienceData/%2540anonymous/7fd648c4-79ab-4f57-8dd3-cca96216f0ee,1 person,https://youtu.be/uoODjcwB?si=drORNsHh,30 minutes,"tomato, sugar, egg, pork, cheese",a915c622-a6c8-4c9f-bc3e-90cc5d87934a,0,Use fresh ingredients for better flavor. Do not overmix when making muffins.
22cd4899-1d8a-4946-8941-1725f85e22d0,American Snack,American style hour snack.,file:///data/user/0/host.exp.exponent/cache/ExperienceData/%2540anonymous/86bae876-a42c-4d8e-b75c-71204e533ed8,4 people,https://youtu.be/sYihbgzT?si=ypqHoHUK,30 minutes,"cinnamon, pork, milk, pepper, cheese",f5f6553f-1fa8-40f1-a363-ffc8b5e46b1f,0,Use fresh ingredients for better flavor. Do not overmix when making muffins.
fa91d607-2218-428b-894a-1eca6af2ec76,American Dessert,American style hotel dessert.,file:///data/user/0/host.exp.exponent/cache/ExperienceData/%2540anonymous/c4e21e68-357d-4a48-9f94-7944504effd6,2 people,https://youtu.be/xRJavarS?si=wGTfrKkD,1 hour,"tomato, pepper, cheese, pork",b9c00739-da15-4106-95db-33161f35085a,0,Make sure to season well. Do not overmix when making muffins.
bb18d097-92a0-4602-9b9b-276288d5f366,Indian Main Course,Indian style society main course.,file:///data/user/0/host.exp.exponent/cache/ExperienceData/%2540anonymous/1281d8f6-1dc0-4d34-8cb3-08463757651e,6 people,https://youtu.be/rJQUvTCa?si=NBGMZOte,2 hours,"sugar, egg, onion, beef",fd961adf-4586-4680-a48b-ff80d0051002,0,Use fresh ingredients for better flavor. Adjust the amount of spices if you prefer less heat.
1e50f20e-c9f5-4019-afde-a4f35f02006d,Italian Salad,Italian style training salad.,file:///data/user/0/host.exp.exponent/cache/ExperienceData/%2540anonymous/c7f7b788-6337-4050-bd3f-71a4924e7ccb,1 person,https://youtu.be/zSSBpdAG?si=DysWWWtt,45 minutes,"milk, onion, butter, chicken, pork, egg",c3afe18e-a72a-4aed-88e8-bcdcde2abc60,0,Let it rest after cooking. Use olive oil for an authentic taste.
612e9cea-cfc3-4116-aa9a-db01cf4cb088,Indian Main Course,Indian style marriage main course.,file:///data/user/0/host.exp.exponent/cache/ExperienceData/%2540anonymous/d34941b6-8736-4f7e-9160-fa1249d27db9,6 people,https://youtu.be/dSzGtihv?si=LpcpsOKX,1 hour,"cheese, pepper, tomato, cinnamon",9671c022-d5e4-43e3-9bdf-40af715237e5,0,Use fresh ingredients for better flavor. Adjust the amount of spices if you prefer less heat.
e2ec611f-9f16-4d11-9d92-45699dbc8a3f,Mexican Main Course,Mexican style bag main course.,file:///data/user/0/host.exp.exponent/cache/ExperienceData/%2540anonymous/b1c8e436-f4f2-4d00-ad97-d31a878b930a,2 people,https://youtu.be/rpYHogxw?si=spgJWjRU,1 hour,"tomato, beef, sugar, milk",f948c1c8-8052-4b47-9320-c1acab687c02,0,Make sure to season well. Fresh lime will enhance the flavors.
6e84e497-ab46-4466-ad63-bae850a1749b,Indian Main Course,Indian style possible main course.,file:///data/user/0/host.exp.exponent/cache/ExperienceData/%2540anonymous/dc524024-c4e9-4487-999d-f45bf0462bcd,1 person,https://youtu.be/gyierWZy?si=vRkrzPEV,30 minutes,"garlic, beef, sugar, cinnamon, basil",6a50c29f-7b48-49c6-a6fb-a05b95459118,0,Always taste as you go. Adjust the amount of spices if you prefer less heat.
64b1089b-a44d-4eee-b721-e486a64c0c61,Mexican Main Course,Mexican style morning main course.,file:///data/user/0/host.exp.exponent/cache/ExperienceData/%2540anonymous/9f95373f-4f1e-48d7-acea-ea9a5a54c9d0,2 people,https://youtu.be/bZUIZBoj?si=PHjoUxkP,45 minutes,"beef, milk, onion, flour",7572f547-0df6-4f69-ab4a-407426c2d502,0,Make sure to season well. Fresh lime will enhance the flavors.
13792290-7705-4768-aad4-b46ae2210d4d,Italian Salad,Italian style sign salad.,file:///data/user/0/host.exp.exponent/cache/ExperienceData/%2540anonymous/c3ad4276-e9d6-4384-8bfe-5abbe4f11865,1 person,https://youtu.be/HwuYstWr?si=DAyIybvP,2 hours,"cinnamon, egg, pork, milk",9127726c-5c3d-438a-8880-793997b6db7b,0,Let it rest after cooking. Use olive oil for an authentic taste.
533eee55-37a8-40a6-9045-3eca3b6ddd0e,Italian Soup,Italian style run soup.,file:///data/user/0/host.exp.exponent/cache/ExperienceData/%2540anonymous/55c5ed84-9ab8-4a7c-9ab5-c7e18be54e50,6 people,https://youtu.be/qIcYTydi?si=UBaOlGCH,30 minutes,"flour, sugar, pepper, chicken, pork, garlic",4811fc84-6fff-4ba3-bc24-4d12312d1376,0,Let it rest after cooking. Use olive oil for an authentic taste.
a7c7b66e-5455-4488-90a7-9d21b2b647e3,Italian Dessert,Italian style official dessert.,file:///data/user/0/host.exp.exponent/cache/ExperienceData/%2540anonymous/a6186efc-5fd1-40de-8f4b-37c41ecd439c,6 people,https://youtu.be/zTPwvdhx?si=omgnLnbC,2 hours,"cheese, tomato, milk, egg",debc1d5e-a361-4030-a0cc-f56da4973989,0,Always taste as you go. Use olive oil for an authentic taste.
77368655-779c-41b2-876f-13453c4c2386,Mexican Salad,Mexican style probably salad.,file:///data/user/0/host.exp.exponent/cache/ExperienceData/%2540anonymous/aa79a434-d39a-403e-8549-02d0a82510fd,6 people,https://youtu.be/NvESfLDS?si=QCoQmXlU,45 minutes,"onion, milk, pork, egg, flour",95d65a16-e70d-46b7-8211-6651873de89b,0,Use fresh ingredients for better flavor. Fresh lime will enhance the flavors.
57a481cb-6dcb-4164-926b-890954c3b731,Italian Dessert,Italian style likely dessert.,file:///data/user/0/host.exp.exponent/cache/ExperienceData/%2540anonymous/f0b7ea19-738b-4f0c-b977-4698672602e2,6 people,https://youtu.be/HwAIoDEK?si=jZtEIYQH,1 hour,"garlic, milk, pork, pepper, flour, tomato",7c4452af-efa1-4623-8350-be78bd0ce568,0,Always taste as you go. Use olive oil for an authentic taste.
51ca9ddc-548e-4cf6-8048-c95cc2ecb910,Italian Soup,Italian style movement soup.,file:///data/user/0/host.exp.exponent/cache/ExperienceData/%2540anonymous/fb3749bf-d624-42f6-9df0-2593d5a3a2fc,6 people,https://youtu.be/argLDlxZ?si=Ppgapyjj,2 hours,"cheese, egg, butter, garlic",ab17a335-7575-4d47-93d4-fd3bcc4e366d,0,Always taste as you go. Use olive oil for an authentic taste.
ef0873a0-d245-4170-9dd5-8a0e233028e4,Mexican Main Course,Mexican style soldier main course.,file:///data/user/0/host.exp.exponent/cache/ExperienceData/%2540anonymous/a1587311-48f3-4c8c-bdc5-0dffa531346d,2 people,https://youtu.be/YWGkNEpd?si=viovVDDS,45 minutes,"egg, butter, pork",f737b399-8d05-479b-ab60-45594f4138ad,0,Let it rest after cooking. Fresh lime will enhance the flavors.
73c5a87b-7e7b-43e5-beaa-847140dc0c0a,American Main Course,American style country main course.,file:///data/user/0/host.exp.exponent/cache/ExperienceData/%2540anonymous/a0e336ce-7049-4dc8-a6e2-d7267cb459f8,1 person,https://youtu.be/RyjfCTxM?si=rtxTKyDA,30 minutes,"pepper, butter, basil, egg",a5957eb1-3782-4d76-979d-0d5c19477d0e,0,Let it rest after cooking. Do not overmix when making muffins.
25628daf-5051-4e61-81e4-24caf7e64b87,Mexican Dessert,Mexican style continue dessert.,file:///data/user/0/host.exp.exponent/cache/ExperienceData/%2540anonymous/aa99354f-baa7-439c-86bf-8f9f4c6be360,2 people,https://youtu.be/TMQNSJbC?si=rFovcHXw,30 minutes,"cheese, tomato, egg, butter, milk",fca04ee8-7f5b-455d-9f56-376c9f19bcab,0,Always taste as you go. Fresh lime will enhance the flavors.
28c2cf33-8f8c-4d87-8ef0-d258144c67b7,Indian Soup,Indian style parent soup.,file:///data/user/0/host.exp.exponent/cache/ExperienceData/%2540anonymous/2f3ac61f-97a2-4f69-a136-07ffc7c300b8,4 people,https://youtu.be/rVHhgrGy?si=bgIfxTCu,30 minutes,"tomato, butter, cinnamon",f343940c-23f6-4395-9888-82818578d54e,0,Make sure to season well. Adjust the amount of spices if you prefer less heat.
df219432-cdca-4fe4-a37e-7ba3097e28e1,Italian Dessert,Italian style ever dessert.,file:///data/user/0/host.exp.exponent/cache/ExperienceData/%2540anonymous/d92e6211-49fa-401d-a948-1b64557515fd,2 people,https://youtu.be/QzgfHJbj?si=QaNxnkpw,45 minutes,"cheese, milk, chicken",a6a7ab99-fb5d-45f6-b09c-68ef3b8b4a57,0,Make sure to season well. Use olive oil for an authentic taste.
b852ee41-aed5-44d6-888f-74d42a5d15ee,Indian Dessert,Indian style heavy dessert.,file:///data/user/0/host.exp.exponent/cache/ExperienceData/%2540anonymous/9ec97fae-115f-484e-917e-9c06fb88f3d4,4 people,https://youtu.be/vSSniCWA?si=bcablLoN,30 minutes,"tomato, butter, pepper, onion, cheese",a47b86a4-ca3b-4d84-a864-6b4f8f423a17,0,Always taste as you go. Adjust the amount of spices if you prefer less heat.
40d5b5dd-ac0a-4dd2-a6f9-ab153645def9,Italian Main Course,Italian style enjoy main course.,file:///data/user/0/host.exp.exponent/cache/ExperienceData/%2540anonymous/88e4c300-4d4b-4e74-8344-069cd9268805,1 person,https://youtu.be/fyVgKEeg?si=rzOZkmJQ,1 hour,"sugar, chicken, cinnamon, pepper",64522e7e-adfa-4762-8b6e-bd872ac442eb,0,Let it rest after cooking. Use olive oil for an authentic taste.
54c39bd7-53eb-4354-b96d-e794923f926f,Indian Snack,Indian style build snack.,file:///data/user/0/host.exp.exponent/cache/ExperienceData/%2540anonymous/cbebcf4a-c094-48b1-97f7-aa266f1039ff,1 person,https://youtu.be/SoVyimhD?si=PiBYEcQL,1 hour,"sugar, egg, basil, pork",bec31618-269e-496c-89b0-e4a336987f1f,0,Let it rest after cooking. Adjust the amount of spices if you prefer less heat.
3732dfa6-c0f0-483a-a379-3983fcb9ca0b,Mexican Main Course,Mexican style democratic main course.,file:///data/user/0/host.exp.exponent/cache/ExperienceData/%2540anonymous/0b544d4e-3dd8-47e2-8641-979a1c43b2f2,6 people,https://youtu.be/bNChTGSc?si=PtOgRMil,1 hour,"basil, milk, pork, tomato, pepper",ca72b7eb-e5f3-4bb3-8089-9c0d52c2bc3d,0,Use fresh ingredients for better flavor. Fresh lime will enhance the flavors.
d7db7e36-76a5-442b-8d6e-dc4baec1e065,Chinese Salad,Chinese style international salad.,file:///data/user/0/host.exp.exponent/cache/ExperienceData/%2540anonymous/4064974a-98e4-4afa-9a46-4f1fd35c57fd,2 people,https://youtu.be/tvVpfVQL?si=rBdRjPgZ,45 minutes,"tomato, pork, pepper, onion",502b0791-0e15-401f-b3e8-3af0d8faa44e,0,Use fresh ingredients for better flavor. Sesame oil can add a great flavor to stir-fries.
7b7d685a-7526-422f-9e83-c05c7bde4dca,Chinese Soup,Chinese style magazine soup.,file:///data/user/0/host.exp.exponent/cache/ExperienceData/%2540anonymous/13b95e5d-7f5d-45e7-8eb7-31a11743b53d,6 people,https://youtu.be/aDHLbzYf?si=dyvyMykP,1 hour,"cheese, egg, flour, pork, pepper",f2c18640-76e9-4b19-b9fb-20d20b2fee24,0,Always taste as you go. Sesame oil can add a great flavor to stir-fries.
1ae11c3c-1be5-4935-9bd4-4b0b270337f6,American Salad,American style likely salad.,file:///data/user/0/host.exp.exponent/cache/ExperienceData/%2540anonymous/9829f2a9-6d28-4a8c-a153-a20a188a8061,6 people,https://youtu.be/pCWIYBwK?si=yxFLIomf,1 hour,"egg, tomato, onion",8c5d795f-8c30-4489-a8a4-7c9634499cbe,0,Always taste as you go. Do not overmix when making muffins.
f919e74a-6855-4af4-85e2-91dbb0bc7410,Chinese Dessert,Chinese style walk dessert.,file:///data/user/0/host.exp.exponent/cache/ExperienceData/%2540anonymous/3259034c-4588-4c89-a71a-2e94d5a11e5e,1 person,https://youtu.be/KXAVcyLB?si=AOAdqcDm,1 hour,"sugar, basil, tomato",ae0c7c67-50ab-491b-960a-88081355ea38,0,Let it rest after cooking. Sesame oil can add a great flavor to stir-fries.
bb567678-3257-4268-82ca-8304a69caf93,Indian Dessert,Indian style Republican dessert.,file:///data/user/0/host.exp.exponent/cache/ExperienceData/%2540anonymous/5690ef97-5992-4ad8-b974-9f80f20dd3cc,1 person,https://youtu.be/hhESoDno?si=HFnoQpSt,45 minutes,"chicken, cheese, onion",b7baa7a7-ec95-4102-8e52-257a34f4f988,0,Let it rest after cooking. Adjust the amount of spices if you prefer less heat.
b472f5dc-1807-4f38-868d-ce8854f79858,Indian Dessert,Indian style early dessert.,file:///data/user/0/host.exp.exponent/cache/ExperienceData/%2540anonymous/f7a01ccc-b1e3-4a99-93df-80a4579c22c4,1 person,https://youtu.be/iJANTWmS?si=AqeJeyuV,30 minutes,"flour, cheese, chicken",9702924d-5ee0-4b49-af39-0fc0137704c7,0,Always taste as you go. Adjust the amount of spices if you prefer less heat.
f1415ef2-26ff-4bb2-9839-068c5af0d53f,Mexican Snack,Mexican style book snack.,file:///data/user/0/host.exp.exponent/cache/ExperienceData/%2540anonymous/675e6abb-3032-425a-afc7-020b2f667839,4 people,https://youtu.be/UNbTTyJh?si=XWMzYYCz,45 minutes,"cheese, onion, basil, garlic, butter",875f2c6a-7d33-4022-8b72-436bfdacbbe4,0,Make sure to season well. Fresh lime will enhance the flavors.
c64d7196-6fb6-4432-b14b-e1083d0f7be5,Mexican Salad,Mexican style lay salad.,file:///data/user/0/host.exp.exponent/cache/ExperienceData/%2540anonymous/5d75691a-db0e-4513-9b0b-3670a96352eb,4 people,https://youtu.be/wmKLQrOB?si=tqAweCIx,2 hours,"pepper, basil, chicken, garlic, cinnamon, beef",be188a1a-04cd-4e43-8e64-b34c93b90cd2,0,Always taste as you go. Fresh lime will enhance the flavors.
1c18ff93-d9be-47b9-bee0-08668bae7a71,Italian Salad,Italian style fish salad.,file:///data/user/0/host.exp.exponent/cache/ExperienceData/%2540anonymous/f1a6ac50-7866-4d55-af94-d71cefc3df4d,1 person,https://youtu.be/ESvEokFW?si=JhKDZPOe,1 hour,"cinnamon, chicken, cheese, pepper, egg",44991a0c-2627-40b7-af19-709718d2fe53,0,Make sure to season well. Use olive oil for an authentic taste.
64f0f7dd-6ce7-48da-9bdd-6290370954d7,American Main Course,American style sit main course.,file:///data/user/0/host.exp.exponent/cache/ExperienceData/%2540anonymous/25679f12-754e-4779-af33-af5ebcf85b9e,6 people,https://youtu.be/QBYeVqNs?si=yQpwaPiV,2 hours,"onion, cinnamon, sugar, cheese, egg",c5418c19-3668-4b6c-99f5-91f28045e1b6,0,Use fresh ingredients for better flavor. Do not overmix when making muffins.
0148c84b-d3ab-458d-9282-8cb1c2fdf735,Indian Main Course,Indian style cup main course.,file:///data/user/0/host.exp.exponent/cache/ExperienceData/%2540anonymous/a9052853-6219-40e0-8b31-31ee92276dc9,4 people,https://youtu.be/zyBxAWGs?si=WUWPpyUz,30 minutes,"milk, butter, chicken",6f30b330-336c-47c0-9e36-08262c32cc44,0,Let it rest after cooking. Adjust the amount of spices if you prefer less heat.
4634b2aa-f9f4-47e3-a2ab-f0b8ac1ed2b3,Mexican Snack,Mexican style account snack.,file:///data/user/0/host.exp.exponent/cache/ExperienceData/%2540anonymous/252a09bc-10d6-4f3d-a878-6fa73deb1622,1 person,https://youtu.be/kXyHXsMa?si=JosLctTX,45 minutes,"cheese, milk, pork, tomato",1c3ad04a-7347-4c79-acb4-f176c36f9d2d,0,Use fresh ingredients for better flavor. Fresh lime will enhance the flavors.
965e5be0-7165-438c-aab4-f0f9f6e25ba5,Italian Soup,Italian style property soup.,file:///data/user/0/host.exp.exponent/cache/ExperienceData/%2540anonymous/332e3b62-3ec0-4f01-a866-bae011e7a3eb,1 person,https://youtu.be/VqIeFXMK?si=fTUutkwC,30 minutes,"onion, garlic, butter",3986ba15-8e05-4c29-9403-12b6908ad4d6,0,Let it rest after cooking. Use olive oil for an authentic taste.
a73d3fcb-abf9-4f26-8981-dc29d23eaba8,Mexican Snack,Mexican style out snack.,file:///data/user/0/host.exp.exponent/cache/ExperienceData/%2540anonymous/7743e718-8ba0-4b4c-984c-d904542f6795,2 people,https://youtu.be/kboQwTSA?si=cZdYfxhJ,1 hour,"flour, onion, cheese",45c7731a-294f-4d98-8f10-dc23a9ee8fe8,0,Use fresh ingredients for better flavor. Fresh lime will enhance the flavors.
0cf89bfb-b2bb-4689-aad4-f791affff453,American Dessert,American style myself dessert.,file:///data/user/0/host.exp.exponent/cache/ExperienceData/%2540anonymous/6afa0928-4101-4ef6-b42b-6473f0d218a9,6 people,https://youtu.be/jNluhDaN?si=YCLlmNlS,45 minutes,"chicken, sugar, pepper, basil, pork, garlic",b4b3668b-db20-45d3-8cee-8e09ca18fbea,0,Always taste as you go. Do not overmix when making muffins.
63f1f5bd-9238-4409-a751-74f55f7dac0a,American Dessert,American style financial dessert.,file:///data/user/0/host.exp.exponent/cache/ExperienceData/%2540anonymous/0dfa262e-b2b9-47dd-a3d5-0748b5fb5070,4 people,https://youtu.be/JKrvMkNv?si=LcKnTHWc,30 minutes,"pepper, onion, basil",68eae88c-1fbe-4bbc-ad47-e1d7cb900c08,0,Always taste as you go. Do not overmix when making muffins.
697a98ba-03ea-45d4-8f40-238f9a48ecf3,Mexican Snack,Mexican style remain snack.,file:///data/user/0/host.exp.exponent/cache/ExperienceData/%2540anonymous/069e5a72-911e-4651-adb7-0aae3eb7850a,4 people,https://youtu.be/HjiMSpTu?si=yBGvOtfd,30 minutes,"milk, butter, onion, cheese, beef",affd60fa-8915-466e-9772-c4bbf24799cf,0,Use fresh ingredients for better flavor. Fresh lime will enhance the flavors.
3cb57019-8e43-4c13-997f-f0e3cd9cb456,American Soup,American style miss soup.,file:///data/user/0/host.exp.exponent/cache/ExperienceData/%2540anonymous/b2fb7369-1218-45aa-bf9f-276ad05fcd22,2 people,https://youtu.be/UcWIHukK?si=xUtlZlli,2 hours,"egg, pepper, flour",285b1a67-9fc0-419d-a5a9-8641e5347d69,0,Use fresh ingredients for better flavor. Do not overmix when making muffins.
67d89640-4469-42e2-a894-888d633991b8,American Dessert,American style care dessert.,file:///data/user/0/host.exp.exponent/cache/ExperienceData/%2540anonymous/880031da-2dbe-4dcc-b0c6-c8ccae4cb0da,6 people,https://youtu.be/wTGgKpqx?si=LHcMwGmG,30 minutes,"egg, milk, chicken",c0bbfdcf-faa1-4cef-96f7-2adb498cc79c,0,Let it rest after cooking. Do not overmix when making muffins.
564b0205-d26a-44c0-aea1-ec81617cd786,American Soup,American style investment soup.,file:///data/user/0/host.exp.exponent/cache/ExperienceData/%2540anonymous/2c8e3762-d457-4d7c-abdb-f52e640ef327,2 people,https://youtu.be/PvdjuxWT?si=uvIvDDch,30 minutes,"onion, cheese, milk, beef",641d58ec-9f29-44e3-bb2b-f7348a6e8b96,0,Use fresh ingredients for better flavor. Do not overmix when making muffins.
041fb5a7-cd45-4511-8615-c9cb740005d5,Indian Snack,Indian style particularly snack.,file:///data/user/0/host.exp.exponent/cache/ExperienceData/%2540anonymous/c53a64a7-196c-431e-ad53-8ed7e94fd88d,2 people,https://youtu.be/xsqGXAVR?si=GEzeaEMB,30 minutes,"tomato, sugar, basil, egg, garlic",bf147750-b416-404d-af67-b915d957d061,0,Always taste as you go. Adjust the amount of spices if you prefer less heat.
aa29f59d-1893-4117-ae35-c298607c816b,Italian Soup,Italian style of soup.,file:///data/user/0/host.exp.exponent/cache/ExperienceData/%2540anonymous/d6d0808a-f5dd-4aca-ac7d-49c9d8c0949b,1 person,https://youtu.be/IvvDICVR?si=cpOSRNFm,2 hours,"pepper, egg, basil, sugar, onion, cheese",0c38c4b8-4459-47e6-8caa-720fe30f0547,0,Make sure to season well. Use olive oil for an authentic taste.
8fb955cf-95f5-420f-ae76-03ea39577ecc,Mexican Snack,Mexican style campaign snack.,file:///data/user/0/host.exp.exponent/cache/ExperienceData/%2540anonymous/80e129b6-1dbf-4475-b681-571efebb5dd7,1 person,https://youtu.be/RaMfRLoY?si=rXegYwUN,2 hours,"pepper, egg, tomato, onion",4c6c177d-f889-428e-a1da-58486fff76c2,0,Make sure to season well. Fresh lime will enhance the flavors.
d6f9f447-2f52-41d7-8987-2128c758249f,Chinese Main Course,Chinese style nor main course.,file:///data/user/0/host.exp.exponent/cache/ExperienceData/%2540anonymous/e18b1e30-f757-4855-bec9-d13e9991667e,1 person,https://youtu.be/ykUxfkql?si=PYZvtrHf,30 minutes,"cheese, chicken, garlic, basil",c6b4e881-f16f-4af1-aad2-5cd4ffb03788,0,Use fresh ingredients for better flavor. Sesame oil can add a great flavor to stir-fries.
55b8e928-651d-476c-87c1-594e45693fae,Mexican Salad,Mexican style citizen salad.,file:///data/user/0/host.exp.exponent/cache/ExperienceData/%2540anonymous/ef0a37bf-2ae3-472d-88d9-0a04ccf81739,2 people,https://youtu.be/CgfxkqVR?si=PzYTMCcW,2 hours,"pork, beef, flour",a35a8a54-627a-4a96-8e5c-08eef4ef7c0b,0,Make sure to season well. Fresh lime will enhance the flavors.
941b4af2-1820-4429-b32d-b8171f6f76d9,Chinese Soup,Chinese style music soup.,file:///data/user/0/host.exp.exponent/cache/ExperienceData/%2540anonymous/16304e17-d215-4ab2-a99e-d12e63dbd865,6 people,https://youtu.be/vcTVzxsL?si=CRZdrUjN,2 hours,"pepper, milk, cheese, flour",4d4510bc-8b68-4f0b-9b10-2e344ff46d67,0,Always taste as you go. Sesame oil can add a great flavor to stir-fries.
33e44226-e621-4ee1-aa5b-7b18441c5da6,American Snack,American style floor snack.,file:///data/user/0/host.exp.exponent/cache/ExperienceData/%2540anonymous/baa6416e-7911-425f-a121-288e698eff55,6 people,https://youtu.be/ypvVqzoo?si=ertKZvqe,2 hours,"garlic, egg, cheese",bf271df9-b9b8-41ba-96c3-6b2db3b2086e,0,Make sure to season well. Do not overmix when making muffins.
62527a97-daf1-4cb1-9f63-844f5e35fa0f,Mexican Soup,Mexican style interesting soup.,file:///data/user/0/host.exp.exponent/cache/ExperienceData/%2540anonymous/597d7f30-95c4-484f-8ae4-df28f2670521,4 people,https://youtu.be/WkaVkNhY?si=KlPhDDtq,45 minutes,"butter, milk, pork, sugar",ec296b8c-3da2-42f3-9735-dea2b234184d,0,Let it rest after cooking. Fresh lime will enhance the flavors.
0b0ec5f1-0638-4c0a-861c-2d747f9def4c,Italian Soup,Italian style notice soup.,file:///data/user/0/host.exp.exponent/cache/ExperienceData/%2540anonymous/c8e07208-b403-46ef-99a7-ded1f0073e2d,1 person,https://youtu.be/AgwKxCyE?si=hlQdEfcB,2 hours,"chicken, butter, onion, egg, cinnamon",40e4049a-55d6-4465-a80c-af99bda11c0a,0,Make sure to season well. Use olive oil for an authentic taste.
a147c766-2a7b-481d-a669-aeaa5ae37023,Chinese Dessert,Chinese style organization dessert.,file:///data/user/0/host.exp.exponent/cache/ExperienceData/%2540anonymous/13ac3f1a-3d25-44b1-972e-7fe536c3853b,4 people,https://youtu.be/emMhsSrx?si=eRimtIGN,45 minutes,"butter, sugar, pork, chicken",3ecdfe65-29fc-419a-b1a4-e43aefdedfae,0,Always taste as you go. Sesame oil can add a great flavor to stir-fries.
c4757bee-21c4-4cae-abf6-3e376f6eb373,Mexican Soup,Mexican style model soup.,file:///data/user/0/host.exp.exponent/cache/ExperienceData/%2540anonymous/4a02160a-2db3-4e85-a32c-d412a09b219f,6 people,https://youtu.be/iNRVWcXV?si=aWoNUwDS,2 hours,"tomato, onion, chicken, basil, flour, cheese",5ea1ac05-5c87-4cd1-a116-6eb8b1c3a066,0,Use fresh ingredients for better flavor. Fresh lime will enhance the flavors.
f9ed0456-7128-41d6-b101-46940e48ba06,Mexican Salad,Mexican style west salad.,file:///data/user/0/host.exp.exponent/cache/ExperienceData/%2540anonymous/7f96146b-fc24-4a4b-8432-f9b187db403b,4 people,https://youtu.be/RylnjeXp?si=EaIKiygi,2 hours,"flour, basil, egg, milk, cinnamon",9690a0c8-85b8-4c44-b84f-6fc61b1fc848,0,Always taste as you go. Fresh lime will enhance the flavors.
60cb6fc1-2ffb-4020-850a-09c6119ad2cf,Italian Main Course,Italian style store main course.,file:///data/user/0/host.exp.exponent/cache/ExperienceData/%2540anonymous/ddf8a64e-d5b9-4910-b849-87d547af6632,6 people,https://youtu.be/qlaOSWQL?si=bDHqvTyk,1 hour,"pepper, milk, egg, cinnamon, beef",7886e296-e2e0-4b6e-add7-4ecf72df0dc5,0,Make sure to season well. Use olive oil for an authentic taste.
82df07ef-dbc3-41ce-b631-77cfc5fb5a11,Chinese Main Course,Chinese style site main course.,file:///data/user/0/host.exp.exponent/cache/ExperienceData/%2540anonymous/a0640a8d-83c6-4d43-82c8-99c0494f9cb5,2 people,https://youtu.be/MZEwWHUM?si=phkoHSQE,30 minutes,"beef, chicken, cheese, sugar",40169211-d200-4a9b-aa96-22094a3d051c,0,Use fresh ingredients for better flavor. Sesame oil can add a great flavor to stir-fries.
192a1895-a6f6-4555-aca2-f00e947cb81b,Mexican Salad,Mexican style lose salad.,file:///data/user/0/host.exp.exponent/cache/ExperienceData/%2540anonymous/c8c64bdd-ba7c-43c0-b13b-29f32cf6bf7a,6 people,https://youtu.be/QYXcbNjr?si=AHcTiFxp,1 hour,"milk, flour, pork",3197436e-b25e-4d04-aaac-7283be9ce5e5,0,Let it rest after cooking. Fresh lime will enhance the flavors.
117d7870-ffef-4611-8827-2194152c3bad,American Snack,American style standard snack.,file:///data/user/0/host.exp.exponent/cache/ExperienceData/%2540anonymous/cb4457d5-7efd-4157-8d44-798e3a1d6fc9,2 people,https://youtu.be/bnpxaRCY?si=sDaRPckt,45 minutes,"pepper, sugar, tomato",930aac69-872b-4a3a-9738-c098cf9ad9da,0,Make sure to season well. Do not overmix when making muffins.
a8ec6174-b32b-4cb3-839e-cd48464020f9,Italian Snack,Italian style me snack.,file:///data/user/0/host.exp.exponent/cache/ExperienceData/%2540anonymous/68a69cfb-72ac-47e1-acf5-f2e7203cf0be,6 people,https://youtu.be/rklRuyJh?si=oyqwRyeR,45 minutes,"pepper, beef, flour, egg",cf73204b-583b-4e3c-9e89-fb854397ca1e,0,Use fresh ingredients for better flavor. Use olive oil for an authentic taste.
db61cfa0-de66-4777-a179-bf1854febad6,Mexican Dessert,Mexican style big dessert.,file:///data/user/0/host.exp.exponent/cache/ExperienceData/%2540anonymous/24cf67f1-d769-49b9-9e64-915a7856c09d,1 person,https://youtu.be/lijPjBUp?si=ZIkMlXlY,2 hours,"sugar, butter, cinnamon, beef",13d11015-e3d4-441f-b3d8-5297aaf9019c,0,Use fresh ingredients for better flavor. Fresh lime will enhance the flavors.
d8d1820c-091b-471b-bb0d-7b2d0f621ea4,Italian Snack,Italian style just snack.,file:///data/user/0/host.exp.exponent/cache/ExperienceData/%2540anonymous/b8efa97b-0b98-488f-8727-bbf14f75b52e,6 people,https://youtu.be/SoiYCvHz?si=QZJbczLT,45 minutes,"onion, garlic, milk, sugar, cinnamon",5cf4f97b-08d7-47c1-a5fc-81a78759a4b5,0,Use fresh ingredients for better flavor. Use olive oil for an authentic taste.
03784027-b8c3-4d1c-a07e-e9851779ffbc,Chinese Dessert,Chinese style company dessert.,file:///data/user/0/host.exp.exponent/cache/ExperienceData/%2540anonymous/f2fd2cb1-399a-4491-b0fb-d5415ad8a23d,4 people,https://youtu.be/HTDBCnNc?si=fqiLYAJd,45 minutes,"sugar, milk, onion, garlic, beef, cheese",af888e00-0a74-47d7-bdb0-83363d6fb041,0,Always taste as you go. Sesame oil can add a great flavor to stir-fries.
b8107931-787e-42b9-8ad2-be83ed5b8206,American Soup,American style early soup.,file:///data/user/0/host.exp.exponent/cache/ExperienceData/%2540anonymous/95b8ed6e-f0dd-4ccf-be70-35eb9b7be200,2 people,https://youtu.be/fwQFaZrX?si=RsPDaJwH,30 minutes,"butter, garlic, onion, sugar, basil",3fa6171c-87fb-4026-84bf-9216a0e09569,0,Use fresh ingredients for better flavor. Do not overmix when making muffins.
ca23adf7-f0fc-4cc9-a659-f8987dd36908,Italian Snack,Italian style race snack.,file:///data/user/0/host.exp.exponent/cache/ExperienceData/%2540anonymous/b303d8a6-1393-45be-b4c2-8d8a412dea2d,2 people,https://youtu.be/FCYHyMCI?si=nfiyKssK,30 minutes,"chicken, cinnamon, beef",d1e36a1a-04ed-48a5-ac62-7f720afc2bfe,0,Use fresh ingredients for better flavor. Use olive oil for an authentic taste.
b9a939f3-912b-4ca2-b8aa-77137420348c,Indian Main Course,Indian style what main course.,file:///data/user/0/host.exp.exponent/cache/ExperienceData/%2540anonymous/b8e82454-833d-418b-b2b1-522636df2333,1 person,https://youtu.be/lONFUeow?si=FYJJbMnZ,45 minutes,"basil, milk, cinnamon, onion, beef, butter",ee8abf47-5927-4538-974f-8a13c719ac0e,0,Let it rest after cooking. Adjust the amount of spices if you prefer less heat.
00f10033-2119-4fe8-83c6-55a809b74dca,Italian Soup,Italian style perform soup.,file:///data/user/0/host.exp.exponent/cache/ExperienceData/%2540anonymous/e93d7572-6de8-4eb3-a040-5b684ec7bc2d,6 people,https://youtu.be/TxakEyJQ?si=kaoywGLV,45 minutes,"sugar, garlic, flour",7cc2229f-2ba7-4025-bc34-44ae3f0bb2c8,0,Use fresh ingredients for better flavor. Use olive oil for an authentic taste.
a51b4459-6b28-4536-87a1-99afdab79f98,Italian Salad,Italian style staff salad.,file:///data/user/0/host.exp.exponent/cache/ExperienceData/%2540anonymous/6fd4cc8d-96e0-430d-aa12-821c57ad621e,4 people,https://youtu.be/NlkdeNug?si=DHlsJSoW,45 minutes,"flour, milk, butter",3c5c5668-c418-4854-bfab-23d484afe9b9,0,Let it rest after cooking. Use olive oil for an authentic taste.
4c3635da-a2e6-4642-bda4-6863e969052f,Italian Main Course,Italian style name main course.,file:///data/user/0/host.exp.exponent/cache/ExperienceData/%2540anonymous/9306efb8-7a48-4c66-82aa-393b211b1d24,2 people,https://youtu.be/OtTwphGx?si=yjXEVcEz,30 minutes,"flour, cinnamon, onion, egg, butter, pepper",76533027-e032-4277-b70c-19dd5d3a3d7f,0,Make sure to season well. Use olive oil for an authentic taste.
fc39fc9a-0616-46da-94fc-2a717df2864f,Indian Salad,Indian style group salad.,file:///data/user/0/host.exp.exponent/cache/ExperienceData/%2540anonymous/b4b3e46f-20b2-4a10-9774-ec3b7be4dead,1 person,https://youtu.be/MvKPSpeX?si=KFJncVCq,2 hours,"tomato, onion, garlic",28b84dbc-0c37-4594-80b0-c187f0629f1c,0,Let it rest after cooking. Adjust the amount of spices if you prefer less heat.
c1993612-734a-44cd-ab02-a257227e523e,Italian Dessert,Italian style second dessert.,file:///data/user/0/host.exp.exponent/cache/ExperienceData/%2540anonymous/ae8cd9ad-8da3-45c1-ae29-7b028124150a,6 people,https://youtu.be/ciYYRepi?si=hGcTzzuW,1 hour,"onion, cheese, flour, beef",4cc33561-2f96-48d4-8935-546360bc4fc4,0,Make sure to season well. Use olive oil for an authentic taste.
942b4c9e-ef2e-455c-8956-be672abf42a6,Indian Snack,Indian style look snack.,file:///data/user/0/host.exp.exponent/cache/ExperienceData/%2540anonymous/9f7fad42-607b-41df-93df-4c4cc2c28e84,6 people,https://youtu.be/uPTYsXJF?si=CDJTRUyM,2 hours,"chicken, pork, milk, basil",318536b7-7c8a-44ff-beb7-afca86c3aee8,0,Make sure to season well. Adjust the amount of spices if you prefer less heat.
d5380f49-e78b-4aba-acba-8a4c8616381b,Chinese Soup,Chinese style loss soup.,file:///data/user/0/host.exp.exponent/cache/ExperienceData/%2540anonymous/f8bac828-cc5c-4fbe-8a38-2a0db9063f45,1 person,https://youtu.be/ddylGtJU?si=IJJjnpCV,45 minutes,"butter, egg, chicken, flour, beef",d51e8ceb-c3fe-4cf1-bdd9-2455ea954e08,0,Let it rest after cooking. Sesame oil can add a great flavor to stir-fries.
02092590-b571-4248-8b41-4fd873459f9f,Mexican Main Course,Mexican style good main course.,file:///data/user/0/host.exp.exponent/cache/ExperienceData/%2540anonymous/d8dafbe3-f6c1-46a1-a274-7b4aeb5d8d26,6 people,https://youtu.be/yXbGeFAT?si=kdHkckYl,45 minutes,"egg, tomato, onion, milk, basil, chicken",34611d8c-571e-4c45-8c13-3ac326d75a7b,0,Make sure to season well. Fresh lime will enhance the flavors.
90ef073c-020d-496a-9689-907454baa927,Italian Dessert,Italian style side dessert.,file:///data/user/0/host.exp.exponent/cache/ExperienceData/%2540anonymous/dac3e935-5785-4c40-bd9a-0c222649cf3b,4 people,https://youtu.be/EIgkiwDK?si=NREoVFna,45 minutes,"flour, beef, onion",7ebd30fc-f135-47ef-8a4f-ecac1cbac815,0,Make sure to season well. Use olive oil for an authentic taste.
f83c2acd-2127-4252-800d-2908dcfd3067,Mexican Main Course,Mexican style be main course.,file:///data/user/0/host.exp.exponent/cache/ExperienceData/%2540anonymous/e81e6818-4fa3-4bdc-951e-10b29cba9879,4 people,https://youtu.be/fRWxdUNS?si=FFXpvtMl,45 minutes,"cinnamon, garlic, cheese",ce46bf7c-7bee-4bbf-a68a-04eb0be64eb6,0,Use fresh ingredients for better flavor. Fresh lime will enhance the flavors.
1e265033-522b-4760-bcb0-bca9182a5309,Italian Soup,Italian style in soup.,file:///data/user/0/host.exp.exponent/cache/ExperienceData/%2540anonymous/915e9a5b-40cb-408d-9511-ab64fb3868a5,2 people,https://youtu.be/vSvQIuZx?si=DKRnqjfq,45 minutes,"cinnamon, chicken, garlic, pork, onion, beef",25320a67-d7e6-41d8-9fdf-ecea90b6e81c,0,Always taste as you go. Use olive oil for an authentic taste.
9706e4fa-c66d-42ec-886d-83fbf9d62332,Mexican Salad,Mexican style resource salad.,file:///data/user/0/host.exp.exponent/cache/ExperienceData/%2540anonymous/bedad5e0-1e0d-4c59-8fd3-3cff3a64005c,1 person,https://youtu.be/plyuOWDh?si=XJeJvexs,1 hour,"cinnamon, basil, sugar, tomato",aee6fc04-9248-433f-8dc7-42aa76619810,0,Let it rest after cooking. Fresh lime will enhance the flavors.
e63a175f-1fc7-4abf-a657-e8880794d386,Indian Dessert,Indian style different dessert.,file:///data/user/0/host.exp.exponent/cache/ExperienceData/%2540anonymous/034fcf86-61f6-4ec4-b3ab-dae413d98c7b,6 people,https://youtu.be/WLQqKqje?si=OYsndQOI,1 hour,"pepper, pork, cinnamon, beef, milk, sugar",b9e22b18-1068-4c05-ab51-f1e7eb4f5970,0,Let it rest after cooking. Adjust the amount of spices if you prefer less heat.
2d8b4b05-c1ff-42e6-b164-af5098a7b5a6,Chinese Soup,Chinese style then soup.,file:///data/user/0/host.exp.exponent/cache/ExperienceData/%2540anonymous/b62e013b-616e-4231-9db4-496338d46716,2 people,https://youtu.be/yXrVyHOz?si=gagPPntB,1 hour,"butter, pepper, flour, onion",cc34c7fe-37ea-4187-835b-388bf5a77c85,0,Use fresh ingredients for better flavor. Sesame oil can add a great flavor to stir-fries.
4b45d9b5-c549-4e3b-a3dd-f012a8a383fc,Chinese Snack,Chinese style condition snack.,file:///data/user/0/host.exp.exponent/cache/ExperienceData/%2540anonymous/cd50c69f-675a-4544-a1f2-9d7e1b5857c1,4 people,https://youtu.be/LMeqncjc?si=fUGqaPYM,30 minutes,"milk, egg, cinnamon, beef",4e2cd5e3-2ab2-446b-871a-d10108bf1a68,0,Make sure to season well. Sesame oil can add a great flavor to stir-fries.
b3bb1b58-2427-453c-9668-587930eb2a8a,Indian Dessert,Indian style current dessert.,file:///data/user/0/host.exp.exponent/cache/ExperienceData/%2540anonymous/154d43c5-442e-4dad-9c6d-d7f74ec7be56,6 people,https://youtu.be/UAZiPzEE?si=UkAHBPGV,2 hours,"basil, tomato, pork, sugar",6cdf5dbc-7a0f-427b-bf76-26aa719412e9,0,Always taste as you go. Adjust the amount of spices if you prefer less heat.
6b775c9d-3ff9-477f-bee8-3605ddaf2918,Indian Dessert,Indian style nor dessert.,file:///data/user/0/host.exp.exponent/cache/ExperienceData/%2540anonymous/45588a64-5258-452d-ada6-dc8e0b7b79fa,1 person,https://youtu.be/vbbDXVaT?si=oQMXMHQB,1 hour,"pepper, pork, tomato, milk",21c83c41-5974-4fe1-830b-b63b9ea0d752,0,Always taste as you go. Adjust the amount of spices if you prefer less heat.
871c40f1-1998-44ce-bb8b-a7cc51d7f8e5,Indian Main Course,Indian style sign main course.,file:///data/user/0/host.exp.exponent/cache/ExperienceData/%2540anonymous/25aecce9-8056-4a1f-b340-552ff06c95a0,6 people,https://youtu.be/WTlVBYUg?si=whRtmXNA,30 minutes,"cinnamon, chicken, basil",8b01af8d-bc4e-458d-aeff-3310ab84accb,0,Let it rest after cooking. Adjust the amount of spices if you prefer less heat.
4bd10a89-4c51-41be-bf16-bcd9c1fc870e,Chinese Dessert,Chinese style full dessert.,file:///data/user/0/host.exp.exponent/cache/ExperienceData/%2540anonymous/af7d517f-2150-4307-9282-7234874803c8,4 people,https://youtu.be/sOEQrPNi?si=AhbLnuMN,1 hour,"garlic, tomato, basil, egg",379e676d-bc89-43f5-9710-f2eedc572441,0,Make sure to season well. Sesame oil can add a great flavor to stir-fries.
f087951e-87d9-4122-bdc4-81d4e524e119,Chinese Soup,Chinese style officer soup.,file:///data/user/0/host.exp.exponent/cache/ExperienceData/%2540anonymous/9aedf10a-6e12-4bed-b1da-23340be39fa7,2 people,https://youtu.be/nHFIpDdQ?si=pUmuQmHH,2 hours,"tomato, chicken, basil, pepper, beef",cb567c61-0515-4d67-b8cb-da569ea22540,0,Make sure to season well. Sesame oil can add a great flavor to stir-fries.
d28d0b08-6c50-4471-b13d-19071acf5a2b,Mexican Dessert,Mexican style would dessert.,file:///data/user/0/host.exp.exponent/cache/ExperienceData/%2540anonymous/410a1222-69d5-46be-b848-70c6c30fe58e,2 people,https://youtu.be/XNsmiyGq?si=cWVofdJY,45 minutes,"basil, pepper, onion, beef, milk, butter",f3e08075-5902-49e5-a3d8-7d46f510f66c,0,Use fresh ingredients for better flavor. Fresh lime will enhance the flavors.
f3b7ceee-bc8a-4419-a82a-d81152002177,Indian Snack,Indian style positive snack.,file:///data/user/0/host.exp.exponent/cache/ExperienceData/%2540anonymous/93b76864-e1e7-496b-a649-7726211f8d6e,4 people,https://youtu.be/qsGGvrqn?si=RJJORkKd,2 hours,"basil, beef, chicken",bb649e7a-fef9-44c2-a48d-9d524ea8006a,0,Use fresh ingredients for better flavor. Adjust the amount of spices if you prefer less heat.
deb37119-eeec-451b-8b29-b683ea2b9d96,Italian Soup,Italian style our soup.,file:///data/user/0/host.exp.exponent/cache/ExperienceData/%2540anonymous/633df038-a49b-45a9-97d9-1bf7509e403d,6 people,https://youtu.be/OZOskSai?si=FJjKAnji,1 hour,"cinnamon, beef, onion, sugar, pork",9a3db428-751d-42a1-8f9f-c24bf6f67dfd,0,Let it rest after cooking. Use olive oil for an authentic taste.
26e0b884-e9fe-4403-973f-6ee1e3b3e8f7,American Snack,American style realize snack.,file:///data/user/0/host.exp.exponent/cache/ExperienceData/%2540anonymous/db74165f-5807-44da-829d-207c820f58a3,6 people,https://youtu.be/eHxnOZkl?si=lARuKyJu,45 minutes,"onion, pork, garlic",717691e8-974c-4c61-929c-4efec8b17a4b,0,Let it rest after cooking. Do not overmix when making muffins.
d3a2be28-50af-48f6-b792-0ee44c690863,American Main Course,American style eat main course.,file:///data/user/0/host.exp.exponent/cache/ExperienceData/%2540anonymous/11b758d3-bd88-443a-b503-74e9a2c80954,2 people,https://youtu.be/gxQZWwRc?si=MEVvEPiA,45 minutes,"garlic, onion, butter",13ee018e-c8a4-421c-b20d-92abc25638bb,0,Make sure to season well. Do not overmix when making muffins.
5e812359-5ce2-4725-8dd3-45cfe56566bb,American Main Course,American style give main course.,file:///data/user/0/host.exp.exponent/cache/ExperienceData/%2540anonymous/58154591-2613-4695-bf61-c1151851545b,4 people,https://youtu.be/yxhuhhuT?si=iHeLWEVV,30 minutes,"pepper, cheese, cinnamon, milk, chicken, beef",f51ff81a-ae3c-492b-b136-7516a86e8271,0,Make sure to season well. Do not overmix when making muffins.
2a7e91d6-59dc-4f69-9d6f-695040599da3,Indian Salad,Indian style middle salad.,file:///data/user/0/host.exp.exponent/cache/ExperienceData/%2540anonymous/c4769ebc-3d8e-4ef7-8db6-ac1fd58dfba0,4 people,https://youtu.be/WOmOFOEY?si=EpAzBdSu,2 hours,"tomato, cinnamon, beef",36bb11cf-2e60-4601-952c-5d81a1166c7f,0,Always taste as you go. Adjust the amount of spices if you prefer less heat.
4ca9cea0-ebc7-413b-ad80-3e21d7f76088,Indian Snack,Indian style discover snack.,file:///data/user/0/host.exp.exponent/cache/ExperienceData/%2540anonymous/14585529-ee5b-4d26-ade8-d98bdddfd53f,2 people,https://youtu.be/VgESdIQD?si=damyMwWW,30 minutes,"sugar, egg, chicken, flour, tomato",7cd889ef-fdf0-4105-b02e-b0e68ddf1ebf,0,Always taste as you go. Adjust the amount of spices if you prefer less heat.
f7db2045-d77d-49e5-9461-c0fb9b0d98ab,Chinese Dessert,Chinese style argue dessert.,file:///data/user/0/host.exp.exponent/cache/ExperienceData/%2540anonymous/be1498b7-27e6-4883-8c95-a69c55202418,4 people,https://youtu.be/bIrSITmr?si=DYiarxPB,1 hour,"pork, onion, beef",965981dc-926c-4e01-bb7f-5bfbf85f92cd,0,Make sure to season well. Sesame oil can add a great flavor to stir-fries.
fd8443d5-3b43-4ea5-8672-ae0257531da0,Italian Dessert,Italian style boy dessert.,file:///data/user/0/host.exp.exponent/cache/ExperienceData/%2540anonymous/759f7fee-00ee-4eec-a7ab-47a906f081b5,4 people,https://youtu.be/SjQSnbBq?si=fwkkZKYL,45 minutes,"beef, garlic, sugar, milk",f7f99ae0-2c06-4c69-9344-b384a09d58cc,0,Make sure to season well. Use olive oil for an authentic taste.
8cb6513e-ed24-4c35-8495-fb55acd59a83,Mexican Snack,Mexican style move snack.,file:///data/user/0/host.exp.exponent/cache/ExperienceData/%2540anonymous/30409505-6d22-4c3c-91f6-32c95cd61a9f,6 people,https://youtu.be/IKLQAqyb?si=IaJYxDzh,1 hour,"cinnamon, pepper, flour, garlic, onion, tomato",9c4f899b-73b6-456a-8786-cf9e647febc6,0,Use fresh ingredients for better flavor. Fresh lime will enhance the flavors.
52930ce6-2df9-4358-84f5-bd914d606f29,Indian Salad,Indian style admit salad.,file:///data/user/0/host.exp.exponent/cache/ExperienceData/%2540anonymous/d2e612b3-1775-49a1-95cd-5abfd303284d,6 people,https://youtu.be/iufKCaJv?si=VwYCEQJE,30 minutes,"sugar, tomato, milk, butter, cinnamon, beef",ae1a53c5-1a36-46d5-8751-7eabdbf7e118,0,Use fresh ingredients for better flavor. Adjust the amount of spices if you prefer less heat.
bb81f0f7-99b4-4fa1-9576-6ff9d677189e,Mexican Soup,Mexican style theory soup.,file:///data/user/0/host.exp.exponent/cache/ExperienceData/%2540anonymous/dccff1aa-e9eb-4ed7-a88f-2d329445210d,2 people,https://youtu.be/fukHZkoZ?si=vIEvWbtu,2 hours,"sugar, onion, beef, pork, butter",124d213f-3546-49e7-ada4-7bee1ae32289,0,Always taste as you go. Fresh lime will enhance the flavors.
adf60b93-56e9-4b42-815a-08a4090313cb,Mexican Soup,Mexican style age soup.,file:///data/user/0/host.exp.exponent/cache/ExperienceData/%2540anonymous/a9562aba-9093-491b-9b1d-4dbfb2779e0d,2 people,https://youtu.be/QobpDFrF?si=FFDNZxrk,1 hour,"egg, beef, butter",85b90a2a-2134-47fc-ac52-4f94554693fc,0,Use fresh ingredients for better flavor. Fresh lime will enhance the flavors.
d50cd061-45e0-4246-8909-50fb3478b5c6,Italian Snack,Italian style second snack.,file:///data/user/0/host.exp.exponent/cache/ExperienceData/%2540anonymous/c5bc6c79-3e50-449e-ae40-ab76b5986d1d,1 person,https://youtu.be/vJOEpURK?si=MVbMlNnN,45 minutes,"cheese, butter, sugar, tomato, chicken, basil",8efe21e5-2068-4a34-a621-1b753948e482,0,Let it rest after cooking. Use olive oil for an authentic taste.
338ef845-7721-4f61-b3df-ae8d497d98a9,Indian Dessert,Indian style drug dessert.,file:///data/user/0/host.exp.exponent/cache/ExperienceData/%2540anonymous/77ad1d28-eb4d-4908-bca8-fe71f9381334,1 person,https://youtu.be/pfKHfvyd?si=MkkhRwIg,30 minutes,"pepper, onion, sugar",d834004b-7ec5-4ea8-9c26-16a0cb5631d5,0,Make sure to season well. Adjust the amount of spices if you prefer less heat.
fd2f6b1b-21cc-4233-bbaa-b795307b1da3,Italian Dessert,Italian style become dessert.,file:///data/user/0/host.exp.exponent/cache/ExperienceData/%2540anonymous/4f41f36b-c1a8-440a-a850-ee9b38321801,4 people,https://youtu.be/SwktRSOL?si=wtxJsPpy,1 hour,"onion, sugar, pepper, egg, flour",ed616d6b-ee10-4e5d-b96e-e4b5c2f69dd2,0,Always taste as you go. Use olive oil for an authentic taste.
0097e0bf-61fa-4788-b441-293196013c39,Mexican Dessert,Mexican style score dessert.,file:///data/user/0/host.exp.exponent/cache/ExperienceData/%2540anonymous/1e6ac13b-22d8-428c-8d1c-19157d17db16,4 people,https://youtu.be/SRaqNvce?si=NWrJZfzh,30 minutes,"sugar, beef, basil, pork, onion, milk",a91491c8-2b46-49b3-8c87-c90b5f1f9d71,0,Let it rest after cooking. Fresh lime will enhance the flavors.
33985382-ed0c-4fc3-8473-4e03f02c0aea,Chinese Dessert,Chinese style require dessert.,file:///data/user/0/host.exp.exponent/cache/ExperienceData/%2540anonymous/0730b020-0c17-431d-bddc-f2943749df9c,2 people,https://youtu.be/PvHvlXkn?si=rqTEDYnD,45 minutes,"chicken, butter, tomato",3b00a859-c1c4-4dcd-8887-a6bb837a5bf6,0,Use fresh ingredients for better flavor. Sesame oil can add a great flavor to stir-fries.
20510429-8db5-48c5-a5b7-f1575fd6ccfa,Italian Main Course,Italian style trial main course.,file:///data/user/0/host.exp.exponent/cache/ExperienceData/%2540anonymous/be28cec8-0720-478d-bc6f-0109bcec04c7,4 people,https://youtu.be/AxsCxoui?si=YLIBlVKr,45 minutes,"flour, chicken, garlic",e11a29b8-68cf-491a-a4c3-5e63b7ba0331,0,Use fresh ingredients for better flavor. Use olive oil for an authentic taste.
75f2111b-6a00-46e2-aa73-c9602912ffef,American Salad,American style audience salad.,file:///data/user/0/host.exp.exponent/cache/ExperienceData/%2540anonymous/0863c7da-6629-42f8-aa34-2d7a60de65b1,4 people,https://youtu.be/NqbgWAoA?si=UxLCSCPj,45 minutes,"egg, cheese, sugar, basil",d0ff0e8d-43d6-418b-9607-5251038fe644,0,Always taste as you go. Do not overmix when making muffins.
a920fcbd-b4ad-4eb7-ab8d-ac051642f797,Italian Snack,Italian style manage snack.,file:///data/user/0/host.exp.exponent/cache/ExperienceData/%2540anonymous/2c3f9453-aa58-499a-afb3-7affbe73b857,4 people,https://youtu.be/zLMLcPRG?si=OwEuyXrk,2 hours,"onion, pepper, butter, tomato, flour",ad0f3204-e1d3-4bd1-9992-8631a367c530,0,Make sure to season well. Use olive oil for an authentic taste.
22d2c3d5-3850-435b-840a-b64b121f1104,American Snack,American style baby snack.,file:///data/user/0/host.exp.exponent/cache/ExperienceData/%2540anonymous/985f84a5-5d19-4abc-9c33-ed2d3b2e80b0,1 person,https://youtu.be/Xvxtumjz?si=rLXVwCDU,1 hour,"tomato, butter, onion, garlic, basil",34835270-49e2-426b-8b60-ae961ea083d8,0,Let it rest after cooking. Do not overmix when making muffins.
0a2ebc57-dce9-4ada-8ce5-e3032fafa3ba,Chinese Dessert,Chinese style indicate dessert.,file:///data/user/0/host.exp.exponent/cache/ExperienceData/%2540anonymous/1afef259-5ab6-4aec-8546-d567a2e72f83,2 people,https://youtu.be/BoYJMMIx?si=yikDKTFE,30 minutes,"cinnamon, egg, chicken",a1f0e5b6-5dd5-4fc6-b016-bcfd8edbacd2,0,Always taste as you go. Sesame oil can add a great flavor to stir-fries.
022e2233-b7cb-4b07-a646-3210c99ad139,Chinese Dessert,Chinese style try dessert.,file:///data/user/0/host.exp.exponent/cache/ExperienceData/%2540anonymous/ce57fa67-4eb7-4fd9-ba7e-622b7cf3799a,1 person,https://youtu.be/BGBJqdZO?si=ieZFGzCW,1 hour,"cheese, basil, garlic",a418d728-79d1-47d9-a3a2-0eb6bcdebbd5,0,Make sure to season well. Sesame oil can add a great flavor to stir-fries.
b142e519-91b1-424b-b0c3-8e3477797b52,Mexican Main Course,Mexican style it main course.,file:///data/user/0/host.exp.exponent/cache/ExperienceData/%2540anonymous/d52a6c0b-939e-4df0-8636-9ee2706245cc,2 people,https://youtu.be/UJhggULt?si=jaywfKLd,1 hour,"butter, beef, tomato, pork, milk",ff1ddcb6-3130-4ecf-b4d9-af20f0c0e2b4,0,Make sure to season well. Fresh lime will enhance the flavors.
dad9438d-56f4-47c1-8193-b3454c6fe6ac,Mexican Salad,Mexican style budget salad.,file:///data/user/0/host.exp.exponent/cache/ExperienceData/%2540anonymous/a5fad57f-65c1-46b0-ac87-b553092141f7,2 people,https://youtu.be/WoRTxHOr?si=GiYbIMHq,1 hour,"garlic, beef, tomato, cheese, pepper, pork",2580ad38-b5d4-46fb-b044-41d72d7f7473,0,Make sure to season well. Fresh lime will enhance the flavors.
552116cb-f51b-4c5b-af3c-d6f9e7c3e91a,Mexican Snack,Mexican style before snack.,file:///data/user/0/host.exp.exponent/cache/ExperienceData/%2540anonymous/6494d9ef-f070-4df9-8bda-15c013ecbe3e,6 people,https://youtu.be/wbjsNbBh?si=rrzzUjvY,45 minutes,"flour, cinnamon, sugar",ddd7d361-b99c-4de3-8f5c-a8072b4ef76c,0,Make sure to season well. Fresh lime will enhance the flavors.
7d8c24ed-b091-49cf-8742-7ebd1c4e1b7a,Mexican Main Course,Mexican style morning main course.,file:///data/user/0/host.exp.exponent/cache/ExperienceData/%2540anonymous/9b56649c-396f-4cea-ba59-2f65068beb04,4 people,https://youtu.be/FiEKlEvM?si=sntvjlng,30 minutes,"pork, flour, milk, sugar, pepper, egg",c06bbb1d-ec55-4730-a370-4ea8aa3d7f01,0,Make sure to season well. Fresh lime will enhance the flavors.
dfed49c1-2b1c-479e-bc04-fb0e66bc0798,American Salad,American style response salad.,file:///data/user/0/host.exp.exponent/cache/ExperienceData/%2540anonymous/2f51127a-3811-4b7e-90bc-88b0fbc59cfb,2 people,https://youtu.be/kMdPzpmV?si=XklevHgC,2 hours,"onion, egg, butter",5a978fee-f50c-4192-b776-a07734c9aff7,0,Always taste as you go. Do not overmix when making muffins.
b8ebb796-b524-4306-8379-21ab8148460c,Mexican Main Course,Mexican style player main course.,file:///data/user/0/host.exp.exponent/cache/ExperienceData/%2540anonymous/4ffa1d3e-95cc-40c8-8169-45ac0c8fd3ca,6 people,https://youtu.be/BKYuFzaO?si=ZIIEJLcO,2 hours,"beef, basil, sugar",67c9e68e-067d-4009-be3c-65c847916f70,0,Always taste as you go. Fresh lime will enhance the flavors.
ae82eafc-64ed-4e4d-9ecb-239e8023bacc,Mexican Salad,Mexican style large salad.,file:///data/user/0/host.exp.exponent/cache/ExperienceData/%2540anonymous/f21dd860-1404-435c-87e5-5033c0dd9c28,1 person,https://youtu.be/ItdyQdeg?si=NFxHXKmy,2 hours,"beef, onion, garlic, butter, tomato, cinnamon",841193c4-3289-4e63-8f78-bb6aedc95b25,0,Let it rest after cooking. Fresh lime will enhance the flavors.
489c6021-094d-46b4-9752-1c3799ea1cac,Italian Main Course,Italian style fill main course.,file:///data/user/0/host.exp.exponent/cache/ExperienceData/%2540anonymous/2781d8f2-ab69-48ec-a672-09a592e0092f,2 people,https://youtu.be/GKQhYtgA?si=dGmeZjjF,1 hour,"chicken, milk, garlic, flour, pepper",8f85a0c8-7f42-4f75-a24a-c1a6819b66e3,0,Let it rest after cooking. Use olive oil for an authentic taste.
0c9214c9-793a-466c-9612-dcf4a49ece89,American Salad,American style increase salad.,file:///data/user/0/host.exp.exponent/cache/ExperienceData/%2540anonymous/c6bb67d2-d5e3-4f1f-98b4-ee969b72b8e0,4 people,https://youtu.be/rcigWaRI?si=sMgfkLSx,45 minutes,"egg, flour, milk, basil",dd130cc2-452d-4d2a-8c0c-2add63e419e8,0,Let it rest after cooking. Do not overmix when making muffins.
3dcfd5b2-dff5-491b-85ad-1439606d68e9,Mexican Soup,Mexican style necessary soup.,file:///data/user/0/host.exp.exponent/cache/ExperienceData/%2540anonymous/4584da20-2dbf-40be-938d-86c8bfab3e78,6 people,https://youtu.be/MnEFFJJo?si=ehgNLUvJ,1 hour,"tomato, basil, cinnamon, onion, flour",46a85222-f3d0-4219-9102-3d82fb1fbd58,0,Make sure to season well. Fresh lime will enhance the flavors.
587c1c70-288f-4a3f-b708-8e6de48f99ff,Indian Soup,Indian style season soup.,file:///data/user/0/host.exp.exponent/cache/ExperienceData/%2540anonymous/9cc7481d-1e80-4669-be59-fc14cd1cdf25,1 person,https://youtu.be/gFRbAnBw?si=jmMzArlB,2 hours,"basil, egg, milk",a7e12f22-64ac-4430-8448-042a1fddc39d,0,Always taste as you go. Adjust the amount of spices if you prefer less heat.
46123619-57a7-40ac-bb2b-b4abecc1f62c,Mexican Dessert,Mexican style senior dessert.,file:///data/user/0/host.exp.exponent/cache/ExperienceData/%2540anonymous/c4065aed-d25e-4707-a9db-54f6fa9b14dd,1 person,https://youtu.be/mCJPSjHE?si=wpzxeXAd,30 minutes,"flour, cinnamon, milk, basil, pork, pepper",496e12a6-286a-4b9c-b0fd-712c2dbb012d,0,Make sure to season well. Fresh lime will enhance the flavors.
2e93af47-64ef-49e1-bf4d-f388be8d7023,Chinese Snack,Chinese style bag snack.,file:///data/user/0/host.exp.exponent/cache/ExperienceData/%2540anonymous/705edf9b-9993-436c-a17d-49321dd5fcc7,2 people,https://youtu.be/SfrZlaYb?si=YzpPvQlt,2 hours,"chicken, sugar, milk, pork",e52d5880-9938-42c6-9672-fbe43e72c5de,0,Always taste as you go. Sesame oil can add a great flavor to stir-fries.
a0c21a01-ebe8-46e8-92ec-4bd557d2fe1e,Mexican Soup,Mexican style education soup.,file:///data/user/0/host.exp.exponent/cache/ExperienceData/%2540anonymous/62e97bf2-a126-43b0-83d2-ac357fe615bf,6 people,https://youtu.be/TdyNjcRI?si=NQsMsDuc,30 minutes,"milk, cinnamon, sugar, onion, garlic, tomato",585caf7e-71cd-4c60-a451-426d20b591f8,0,Make sure to season well. Fresh lime will enhance the flavors.
b8e2eac9-58e1-4693-959a-5e7ef4dc45bb,Chinese Dessert,Chinese style value dessert.,file:///data/user/0/host.exp.exponent/cache/ExperienceData/%2540anonymous/f542e26a-ff64-4408-b4d7-71db9ba29dba,2 people,https://youtu.be/NEAHWFtW?si=uWqkExOV,45 minutes,"butter, egg, milk",dc7c9003-be1b-4e12-aa45-df33f58581f2,0,Always taste as you go. Sesame oil can add a great flavor to stir-fries.
b2b59cd1-063b-4006-9c55-e6ceca18c8a4,Indian Salad,Indian style understand salad.,file:///data/user/0/host.exp.exponent/cache/ExperienceData/%2540anonymous/1d893e92-3694-4da6-a34e-26d86ac8a4e8,1 person,https://youtu.be/KRybXVcW?si=pGZwvebF,2 hours,"cinnamon, pork, beef, egg, butter, chicken",114c5000-bff1-47cd-92aa-6183751e44ae,0,Use fresh ingredients for better flavor. Adjust the amount of spices if you prefer less heat.
d3ed8447-a9eb-4912-9179-345b6e81e49f,Mexican Salad,Mexican style mother salad.,file:///data/user/0/host.exp.exponent/cache/ExperienceData/%2540anonymous/19ec2665-bb7d-4e53-b172-2ffc0b673dbf,1 person,https://youtu.be/ukLdrAWw?si=VnhYyAwm,2 hours,"milk, cheese, tomato, garlic, beef",bed56105-0754-41ee-ba0f-94f156c98da4,0,Always taste as you go. Fresh lime will enhance the flavors.
f1ef11dd-0778-4fd9-820e-7dbc403e5235,Mexican Snack,Mexican style suggest snack.,file:///data/user/0/host.exp.exponent/cache/ExperienceData/%2540anonymous/052ab0df-d4d0-4e89-af9f-55bb17f915d8,2 people,https://youtu.be/AVYrOiif?si=gEEPCWhj,30 minutes,"egg, basil, pepper, sugar",09bb8242-707d-4722-b4e6-cdf0843c26c7,0,Let it rest after cooking. Fresh lime will enhance the flavors.
0179f6b7-0276-4b01-ae38-eacba8ca49c4,American Dessert,American style what dessert.,file:///data/user/0/host.exp.exponent/cache/ExperienceData/%2540anonymous/8c882d1d-babb-448b-9304-583b90eb57ad,1 person,https://youtu.be/hkDGBoSA?si=tVbuYcNJ,45 minutes,"chicken, cinnamon, cheese",82569c7e-e32c-47fe-9c9c-d22f0270c1a6,0,Always taste as you go. Do not overmix when making muffins.
f4644db4-eb07-4eb8-9d04-ecca7525f99f,Italian Main Course,Italian style help main course.,file:///data/user/0/host.exp.exponent/cache/ExperienceData/%2540anonymous/1d29477f-6a82-45c0-a959-09bb3f1beb69,1 person,https://youtu.be/iAnpxfnK?si=xZRQdNqf,2 hours,"milk, pepper, garlic, tomato, basil",3fd37b01-0765-4e98-8a6c-d50a5bb436d2,0,Always taste as you go. Use olive oil for an authentic taste.
5e17a8aa-2bf1-40b7-b3bc-af486d8bb4f0,Mexican Soup,Mexican style strong soup.,file:///data/user/0/host.exp.exponent/cache/ExperienceData/%2540anonymous/3563ee1f-f330-4d1f-a047-fe48a9f00b07,4 people,https://youtu.be/BYVEZLjf?si=wdLxlSoR,1 hour,"chicken, basil, tomato, sugar, garlic, butter",27dff58f-261a-47eb-b2d2-3126d87aed5f,0,Use fresh ingredients for better flavor. Fresh lime will enhance the flavors.
d2e7d70d-f9eb-4311-9d80-3b13b63934d2,Italian Soup,Italian style large soup.,file:///data/user/0/host.exp.exponent/cache/ExperienceData/%2540anonymous/a68e9117-c5e4-4351-a6bd-497257bea735,2 people,https://youtu.be/uXaCXcmu?si=lzDnhqDN,45 minutes,"sugar, butter, cinnamon",c2f93d32-d93c-45c9-a59b-e920a5e8e637,0,Make sure to season well. Use olive oil for an authentic taste.
5c39c602-8cbc-46ad-9689-4b5d48e23494,Italian Dessert,Italian style listen dessert.,file:///data/user/0/host.exp.exponent/cache/ExperienceData/%2540anonymous/0342ae8f-d838-40c1-815a-188c8a66d2c4,2 people,https://youtu.be/sxTQgibM?si=EGkCyDtC,30 minutes,"cinnamon, tomato, milk, cheese, chicken",96449482-3733-4584-bffb-2bdde7904a16,0,Use fresh ingredients for better flavor. Use olive oil for an authentic taste.
c8f0864c-8f4b-4327-b9d9-2c9f9c7546ac,Indian Salad,Indian style like salad.,file:///data/user/0/host.exp.exponent/cache/ExperienceData/%2540anonymous/1e8bc1bc-7631-4d1e-803e-dd92cae19318,1 person,https://youtu.be/vvvvfBTA?si=WngyOEwM,30 minutes,"beef, butter, milk",41edbc25-2010-4d17-9437-760710e4905a,0,Always taste as you go. Adjust the amount of spices if you prefer less heat.
83099e5a-9be7-4521-bf97-b02576ee13bf,Mexican Soup,Mexican style finish soup.,file:///data/user/0/host.exp.exponent/cache/ExperienceData/%2540anonymous/8200a914-738a-41ea-ad20-d4153938d3dc,6 people,https://youtu.be/iUkJDbfd?si=NOkhIIfP,1 hour,"onion, basil, egg",9594cf52-66b1-4c05-b7ba-6cfcce6076c9,0,Make sure to season well. Fresh lime will enhance the flavors.
42e4512f-fb9c-493a-a171-b3aec6ffe1d0,Chinese Dessert,Chinese style work dessert.,file:///data/user/0/host.exp.exponent/cache/ExperienceData/%2540anonymous/657b1204-a494-4c75-9fac-05d97667667a,6 people,https://youtu.be/YykcNhCv?si=PquvEyxt,2 hours,"sugar, garlic, cheese",39fccd8d-6c33-4e07-bb88-00c7ac6a8a97,0,Make sure to season well. Sesame oil can add a great flavor to stir-fries.
bab8692c-8a63-479c-993b-8ac22049e7f2,Indian Salad,Indian style blue salad.,file:///data/user/0/host.exp.exponent/cache/ExperienceData/%2540anonymous/da2d07ef-cbf3-4b43-ade3-b3d5b57f1327,2 people,https://youtu.be/tgOBNbEb?si=IhLHcHGG,30 minutes,"flour, milk, egg, cinnamon, beef",7fc2a41b-6012-4817-9101-bf4c182bfa6e,0,Make sure to season well. Adjust the amount of spices if you prefer less heat.
e58c2b98-70ef-446e-8c5c-d20638731056,Mexican Snack,Mexican style compare snack.,file:///data/user/0/host.exp.exponent/cache/ExperienceData/%2540anonymous/51dd6738-1201-4efc-9a87-56c63a5d7656,6 people,https://youtu.be/MEQAbmVa?si=MBCJiSRY,2 hours,"tomato, cinnamon, onion, butter, cheese",7a71e5de-78da-46bc-bd12-4734399bc7c4,0,Use fresh ingredients for better flavor. Fresh lime will enhance the flavors.
be6883cf-dccd-4187-b50b-549fd5c37a8a,Mexican Salad,Mexican style or salad.,file:///data/user/0/host.exp.exponent/cache/ExperienceData/%2540anonymous/6609039f-cc19-472f-bc35-9fff4b046889,6 people,https://youtu.be/zddrmpas?si=YToMdrRg,45 minutes,"cinnamon, sugar, onion, tomato",3209bea3-dcda-4967-b982-7f8d14766294,0,Make sure to season well. Fresh lime will enhance the flavors.
8aa8f3ce-849c-4c74-b6f4-c4a610f19199,Italian Soup,Italian style real soup.,file:///data/user/0/host.exp.exponent/cache/ExperienceData/%2540anonymous/bacdc6b5-fda4-4c98-8626-0e97945b4821,6 people,https://youtu.be/bSpmpeoh?si=ROTJFYyZ,1 hour,"chicken, flour, basil, cheese",ad471cf4-3242-4399-8c88-dc8d4245824a,0,Make sure to season well. Use olive oil for an authentic taste.
4518316c-4ed4-4625-aad6-a84958ba7c5e,Mexican Main Course,Mexican style capital main course.,file:///data/user/0/host.exp.exponent/cache/ExperienceData/%2540anonymous/69b8b011-d2e1-49a1-8ac9-6559aca10b28,1 person,https://youtu.be/ftMYQKTb?si=XZOXECrp,30 minutes,"egg, milk, cheese, pepper, chicken",0d767a3f-e3c1-4f2c-8b2e-940fff7b5168,0,Let it rest after cooking. Fresh lime will enhance the flavors.
fa1c1a83-bdad-4841-81dc-f4a6a9a693f1,American Soup,American style factor soup.,file:///data/user/0/host.exp.exponent/cache/ExperienceData/%2540anonymous/79d68afe-8469-479b-b459-af89bd64690d,4 people,https://youtu.be/OeEmvVxD?si=iJouQjim,2 hours,"egg, cinnamon, flour, beef",18138f0f-3472-4d14-9658-f92bdee0dd12,0,Use fresh ingredients for better flavor. Do not overmix when making muffins.
8cc90493-1c20-48e9-92f8-6de2921914cc,Mexican Snack,Mexican style person snack.,file:///data/user/0/host.exp.exponent/cache/ExperienceData/%2540anonymous/c71874bc-47ac-4018-9559-123c0ce50253,2 people,https://youtu.be/GtINCiXK?si=SFRudnsO,45 minutes,"pork, basil, egg",27992a99-9745-4296-bef1-c6546ceb4d57,0,Let it rest after cooking. Fresh lime will enhance the flavors.
6af06118-f87c-4558-97b1-08e7ee6de7fe,Italian Salad,Italian style spring salad.,file:///data/user/0/host.exp.exponent/cache/ExperienceData/%2540anonymous/98e5e7fa-cd32-4896-995b-1389d799363a,4 people,https://youtu.be/qBAYklcT?si=XqIVcIRx,2 hours,"flour, cinnamon, milk, butter",62220416-55c4-493e-98d9-3ff51459dfc5,0,Always taste as you go. Use olive oil for an authentic taste.
7e5b29cd-c631-417d-a8c5-c959627082de,Indian Salad,Indian style fish salad.,file:///data/user/0/host.exp.exponent/cache/ExperienceData/%2540anonymous/6122a5b7-619e-4711-9806-c730ccb572e4,2 people,https://youtu.be/pjyWZnBe?si=XCpNyQfw,30 minutes,"butter, egg, cinnamon, pepper, pork, flour",18983931-56b8-4c23-a0e6-e7823221792c,0,Use fresh ingredients for better flavor. Adjust the amount of spices if you prefer less heat.
6e686c6c-b82c-4589-b7f8-bf2d4c1b8de1,Mexican Main Course,Mexican style guy main course.,file:///data/user/0/host.exp.exponent/cache/ExperienceData/%2540anonymous/3618807f-4945-4490-aae7-95aff1b2ecc4,2 people,https://youtu.be/kNtBeXdp?si=sfppjNPH,2 hours,"basil, pepper, flour, chicken",91ed416c-fe8f-40f4-b9c7-81d9ddb7e3b1,0,Always taste as you go. Fresh lime will enhance the flavors.
5f56e26c-2fe2-425b-8aff-022f2d529e75,Mexican Main Course,Mexican style stand main course.,file:///data/user/0/host.exp.exponent/cache/ExperienceData/%2540anonymous/8a0589d8-4b6f-4cb7-83a0-398761802b46,4 people,https://youtu.be/oAZJJSxu?si=IUcOhzZh,1 hour,"flour, chicken, garlic, pork",2041ed2a-2cfd-47fa-a433-cd251c5bc7b4,0,Use fresh ingredients for better flavor. Fresh lime will enhance the flavors.
2cb1fcf7-4ba0-4e6e-8350-ffbf02c6c7ac,Indian Snack,Indian style happy snack.,file:///data/user/0/host.exp.exponent/cache/ExperienceData/%2540anonymous/008b9c20-dcca-47ac-b763-8698ca215ef3,6 people,https://youtu.be/gCuQmWfQ?si=ZBZPSJWa,45 minutes,"tomato, basil, butter, pepper, cheese, milk",46b0af58-9227-44fb-80bf-35f32d689c3f,0,Make sure to season well. Adjust the amount of spices if you prefer less heat.
2d1a7f96-a0c7-4561-95f2-9255e7933e5f,Mexican Salad,Mexican style eye salad.,file:///data/user/0/host.exp.exponent/cache/ExperienceData/%2540anonymous/218fe6bb-b912-43ee-8088-6016e5f0b939,6 people,https://youtu.be/JWiyCMNa?si=kOeYRMWZ,2 hours,"basil, cinnamon, chicken, milk, egg, sugar",289ba049-8a33-4bc3-a3bb-1bc13410c731,0,Let it rest after cooking. Fresh lime will enhance the flavors.
dbe27d3b-6274-4dfd-8330-87bb54b5a0b2,Italian Main Course,Italian style health main course.,file:///data/user/0/host.exp.exponent/cache/ExperienceData/%2540anonymous/80a3bb9c-8803-4433-9626-879066925cbd,1 person,https://youtu.be/lJYYVxcM?si=TuUVcAdf,2 hours,"basil, flour, pork, milk, pepper",d9505b37-8563-4493-b4a6-828f1523cf6c,0,Make sure to season well. Use olive oil for an authentic taste.
96b7c913-41e0-4f4f-b1f3-ce6fcbca83af,Italian Dessert,Italian style brother dessert.,file:///data/user/0/host.exp.exponent/cache/ExperienceData/%2540anonymous/1dc4f071-e9eb-4c99-bc07-2624a57c5e1c,6 people,https://youtu.be/hCPgpeZB?si=mPEkRULh,2 hours,"butter, egg, beef",c290044b-6e94-4f9b-9422-f851b63eacd8,0,Always taste as you go. Use olive oil for an authentic taste.
f1fdb8bc-106f-4be3-8479-2240e9368057,Mexican Main Course,Mexican style bad main course.,file:///data/user/0/host.exp.exponent/cache/ExperienceData/%2540anonymous/68296636-8aea-4513-a0d4-23f9e1d6fbcb,6 people,https://youtu.be/yyPzGdZR?si=emgrrDEn,45 minutes,"garlic, beef, cinnamon, cheese, sugar",be458d3f-afa4-4cd7-9bbd-a3297d8b66df,0,Always taste as you go. Fresh lime will enhance the flavors.
662405ee-9435-45d6-af33-184735bdff3c,Italian Soup,Italian style employee soup.,file:///data/user/0/host.exp.exponent/cache/ExperienceData/%2540anonymous/854f9836-207d-4ac4-ab07-69ffc625df98,4 people,https://youtu.be/MFczSaSh?si=FDHrqOsl,2 hours,"basil, chicken, sugar",b850c9c4-827f-43c6-a47d-4b7a326d90d1,0,Use fresh ingredients for better flavor. Use olive oil for an authentic taste.
6a5425f8-aec0-4e66-aac7-3ca72521bbeb,Indian Dessert,Indian style poor dessert.,file:///data/user/0/host.exp.exponent/cache/ExperienceData/%2540anonymous/616d28dc-279a-43f6-a342-7e65e2364901,2 people,https://youtu.be/KSKJgmId?si=BvxAAktb,45 minutes,"cheese, chicken, milk, butter, onion, garlic",8cea0d74-65ce-4ae8-8651-877b47b8823c,0,Use fresh ingredients for better flavor. Adjust the amount of spices if you prefer less heat.
d407f6ec-cb7a-4396-b31d-67219687f170,American Main Course,American style recent main course.,file:///data/user/0/host.exp.exponent/cache/ExperienceData/%2540anonymous/b85eef45-bce8-492a-9ee6-3baf9f54a9f3,6 people,https://youtu.be/mogrtwwf?si=buWkbDiB,2 hours,"garlic, egg, onion, pork",1b313c41-6aa3-41ff-8ea0-6a014db1b930,0,Let it rest after cooking. Do not overmix when making muffins.
1e8b8eb6-893d-4f83-8d09-98abb090ac37,Chinese Salad,Chinese style expect salad.,file:///data/user/0/host.exp.exponent/cache/ExperienceData/%2540anonymous/1d97230d-c972-4cc1-bbd4-b312b6c468c9,1 person,https://youtu.be/RrOvXLVj?si=hXaTZhxo,45 minutes,"pepper, garlic, cheese, milk, egg",8ef84a28-6e35-4d8f-bdb9-4f4291a0962b,0,Let it rest after cooking. Sesame oil can add a great flavor to stir-fries.
864e4619-47da-4cb6-a1a6-e1a4f274bd26,Chinese Soup,Chinese style talk soup.,file:///data/user/0/host.exp.exponent/cache/ExperienceData/%2540anonymous/6d4a4edc-92c6-40b6-9006-ceb15e9daab9,4 people,https://youtu.be/CWrlxQSb?si=aVSDTzlN,1 hour,"egg, butter, garlic, tomato, milk, beef",b3e95ba9-b7ce-4e3d-b3a1-972a702f94a2,0,Always taste as you go. Sesame oil can add a great flavor to stir-fries.
a068eeb9-af54-4e82-9565-24cd87b7773c,Mexican Dessert,Mexican style phone dessert.,file:///data/user/0/host.exp.exponent/cache/ExperienceData/%2540anonymous/6f868f1f-4770-47e0-a54a-d1987dfbc3c2,2 people,https://youtu.be/YnnzjCiV?si=bDCTEkIT,45 minutes,"onion, cheese, pepper, butter, egg, cinnamon",bd0d8955-ac11-4355-8f30-84b19cc6bd74,0,Always taste as you go. Fresh lime will enhance the flavors.
97bfc6ff-d4cd-45b9-a004-7da0f3656451,Indian Dessert,Indian style outside dessert.,file:///data/user/0/host.exp.exponent/cache/ExperienceData/%2540anonymous/487f8110-d0c6-4cba-8baf-891d6374286c,1 person,https://youtu.be/RlCAoPyq?si=sqNzpNyP,45 minutes,"milk, onion, cheese, beef, sugar",b2673309-9909-49ef-b983-80c52e5384db,0,Make sure to season well. Adjust the amount of spices if you prefer less heat.
8c7df439-0404-41d9-929c-7c02a42def32,Mexican Salad,Mexican style individual salad.,file:///data/user/0/host.exp.exponent/cache/ExperienceData/%2540anonymous/3f86b2d9-feef-425b-84b1-3478dc483533,4 people,https://youtu.be/NraaHdxe?si=LAYSTtPb,30 minutes,"tomato, pork, garlic, cinnamon, beef",2ccb762f-6e08-4864-8ad7-0069d30a1d2b,0,Make sure to season well. Fresh lime will enhance the flavors.
17b8532d-c6c5-4107-80c4-00003284510a,American Salad,American style including salad.,file:///data/user/0/host.exp.exponent/cache/ExperienceData/%2540anonymous/304156d7-e1d9-4ad5-ab8c-d1465c67f818,6 people,https://youtu.be/yJFkLpEb?si=KejdZyUR,2 hours,"flour, pepper, beef, cheese, sugar, garlic",8c741b32-d82f-4e51-92a2-ca399fa1f879,0,Always taste as you go. Do not overmix when making muffins.
e8682e88-087b-4a26-b9ca-9e04779c05ef,Mexican Soup,Mexican style vote soup.,file:///data/user/0/host.exp.exponent/cache/ExperienceData/%2540anonymous/68014eb1-4430-444d-95d6-67b1365e9f2c,2 people,https://youtu.be/XdLaMCOa?si=OpYLvRPw,45 minutes,"onion, egg, basil, sugar",3bf1f2ab-6fcb-4931-b112-5212029ec070,0,Make sure to season well. Fresh lime will enhance the flavors.
cac097e5-42c7-4b44-bfa3-d362eb1375da,Mexican Snack,Mexican style send snack.,file:///data/user/0/host.exp.exponent/cache/ExperienceData/%2540anonymous/1609640b-63c6-4da9-b98c-f90473ffdb24,4 people,https://youtu.be/bWWoSIYz?si=tNWDEIzX,45 minutes,"pepper, onion, garlic, butter",a3faba11-3b1b-45f0-9b21-48779f4c67f9,0,Use fresh ingredients for better flavor. Fresh lime will enhance the flavors.
507e13cc-2a78-49ba-95e4-6c8a76e181ab,Italian Snack,Italian style seven snack.,file:///data/user/0/host.exp.exponent/cache/ExperienceData/%2540anonymous/53967947-0c49-4369-bc61-a50738eb64fb,4 people,https://youtu.be/fZRGkbqh?si=gDkdieYP,1 hour,"basil, pepper, beef, tomato, butter",a5658193-acc8-4c6e-92a3-a02104ee1191,0,Use fresh ingredients for better flavor. Use olive oil for an authentic taste.
c7c9fdae-33c0-4c9a-8bfe-76ffa2ea0854,Italian Soup,Italian style usually soup.,file:///data/user/0/host.exp.exponent/cache/ExperienceData/%2540anonymous/f7703b8f-73e6-438e-b708-978f3490f8ef,2 people,https://youtu.be/xeoduXeu?si=qIimnWCW,2 hours,"milk, flour, onion, butter, chicken",4638f5c3-9d69-49e4-b010-76f5258cff66,0,Let it rest after cooking. Use olive oil for an authentic taste.
b8624cdb-4342-4655-8adc-59f52b1b4531,American Snack,American style east snack.,file:///data/user/0/host.exp.exponent/cache/ExperienceData/%2540anonymous/6b801486-cd4b-43a8-aeb4-fd8d20f3a32f,6 people,https://youtu.be/afVWFPWg?si=rLVQLzEt,1 hour,"sugar, butter, basil, pepper, cinnamon",14266fc6-4563-41e5-a18a-800c08de66ae,0,Always taste as you go. Do not overmix when making muffins.
48bd6eaa-7a9d-44f8-bf3c-84dfbd2c0221,American Dessert,American style strategy dessert.,file:///data/user/0/host.exp.exponent/cache/ExperienceData/%2540anonymous/97f38429-0a3b-46e0-93b5-7f63f973f1c9,6 people,https://youtu.be/rrGiDKBK?si=iSUIZFjv,30 minutes,"butter, beef, milk, cheese, onion",5f825929-ac2d-47f0-beff-011723454342,0,Make sure to season well. Do not overmix when making muffins.
75cb35e4-189c-4b8b-ae05-5ad29c3aa184,Mexican Main Course,Mexican style big main course.,file:///data/user/0/host.exp.exponent/cache/ExperienceData/%2540anonymous/9bf203f3-c6d5-406e-aee8-63e649263e24,6 people,https://youtu.be/ziHtbLUm?si=myXHEWmQ,2 hours,"garlic, pepper, tomato, beef, milk, egg",7d3c2727-d7da-4fdb-adf3-010ca2631070,0,Let it rest after cooking. Fresh lime will enhance the flavors.
0452b9c6-4042-4aad-9d4c-8779a27d2340,American Dessert,American style agree dessert.,file:///data/user/0/host.exp.exponent/cache/ExperienceData/%2540anonymous/6cfd501c-1c28-4661-ad58-5c1fd04d06a9,2 people,https://youtu.be/BrXrMUMB?si=wHtIcBJH,2 hours,"tomato, pepper, chicken, flour, pork",bfc5948e-d2ab-4f65-a0e6-3a7a25991880,0,Make sure to season well. Do not overmix when making muffins.
91188a0b-9926-45c0-b095-6b607baa82df,Italian Soup,Italian style or soup.,file:///data/user/0/host.exp.exponent/cache/ExperienceData/%2540anonymous/c565e276-5439-40fe-90b6-392255fb2936,6 people,https://youtu.be/kRBMaKHm?si=HUVORINj,30 minutes,"egg, beef, tomato, sugar, flour",d3495aab-e1c7-4782-8669-1f00716ee8e3,0,Let it rest after cooking. Use olive oil for an authentic taste.
b9ad7e81-4a39-4f40-8c17-09a4586944cb,Chinese Salad,Chinese style security salad.,file:///data/user/0/host.exp.exponent/cache/ExperienceData/%2540anonymous/e8213a65-ab15-42e2-8690-061d7de5ede2,1 person,https://youtu.be/qOnxuPma?si=oZJgEPnu,30 minutes,"onion, sugar, chicken, flour",9c595c94-1781-454f-8cfd-6b1b0a9fc308,0,Always taste as you go. Sesame oil can add a great flavor to stir-fries.
6009e0c7-671b-4e27-857d-25e4521f1c8d,Indian Main Course,Indian style item main course.,file:///data/user/0/host.exp.exponent/cache/ExperienceData/%2540anonymous/6d470810-fa5a-4c32-9839-aa9a99f54f9d,1 person,https://youtu.be/AkkFowYl?si=AKnCgFxT,45 minutes,"flour, egg, cheese, basil, milk",fc441d20-8eb6-4ae3-9091-b54a3580ed26,0,Let it rest after cooking. Adjust the amount of spices if you prefer less heat.
18dd602e-e749-4cdd-ac53-182997283caf,Italian Salad,Italian style tree salad.,file:///data/user/0/host.exp.exponent/cache/ExperienceData/%2540anonymous/f3a69954-16d1-4862-a48b-f70a03aa0d4d,4 people,https://youtu.be/DyiIfPAZ?si=rUagHbgI,1 hour,"beef, flour, tomato, egg, pork",6d9a30ab-b89a-45fb-8cd0-7e05227c5002,0,Let it rest after cooking. Use olive oil for an authentic taste.
9727c6f1-4be9-4082-bd50-bfa2bc429b67,Chinese Dessert,Chinese style medical dessert.,file:///data/user/0/host.exp.exponent/cache/ExperienceData/%2540anonymous/0ca93c89-3f15-4d8c-804f-9a4dd7fa1f03,1 person,https://youtu.be/lrxpLoMJ?si=RZCdptvK,2 hours,"sugar, flour, milk, garlic, basil, butter",cbc71da6-02f8-45ca-b8f3-31c144486153,0,Always taste as you go. Sesame oil can add a great flavor to stir-fries.
caf9121f-ed8d-468e-a1db-addfb1b8d88d,Chinese Soup,Chinese style reason soup.,file:///data/user/0/host.exp.exponent/cache/ExperienceData/%2540anonymous/ffc2203c-ef71-47ae-8f8f-522fe76817e7,1 person,https://youtu.be/prwVDsMA?si=mmRvCtHt,45 minutes,"butter, garlic, flour, milk, onion",29b0a8a5-b29e-4bbf-a45f-56e803f39957,0,Use fresh ingredients for better flavor. Sesame oil can add a great flavor to stir-fries.
4c879c87-f3a4-4707-b53a-fa6b80c67e8e,American Dessert,American style employee dessert.,file:///data/user/0/host.exp.exponent/cache/ExperienceData/%2540anonymous/5a8c1e11-115d-45e8-913a-2c289e5fb85c,4 people,https://youtu.be/QinsbhYg?si=QkbDwWnY,2 hours,"garlic, sugar, chicken, beef, tomato, milk",e1139cc3-9577-4961-9617-d32a3bfaae55,0,Let it rest after cooking. Do not overmix when making muffins.
f4254cf6-41b0-441a-abff-1419ed1befe0,Mexican Salad,Mexican style American salad.,file:///data/user/0/host.exp.exponent/cache/ExperienceData/%2540anonymous/030bbd26-85f5-4927-a7dd-b4a6506a2434,4 people,https://youtu.be/rWvEysSb?si=RfVqLkqm,30 minutes,"pepper, sugar, milk",6822feae-1704-49f9-97cc-080d82e7e1ea,0,Let it rest after cooking. Fresh lime will enhance the flavors.
f8b23951-ad7b-4690-8b80-e438b5f157b7,Chinese Salad,Chinese style he salad.,file:///data/user/0/host.exp.exponent/cache/ExperienceData/%2540anonymous/6e9f21dd-5a36-424e-b92d-d2a90b8a86b8,2 people,https://youtu.be/sSQChfbM?si=JHSjZiHt,2 hours,"chicken, milk, pork, onion, pepper, cheese",5ed32331-3a1e-4a5d-934c-d28003a7307c,0,Always taste as you go. Sesame oil can add a great flavor to stir-fries.
6fc218a1-bc75-4b65-a8de-846f166275e9,Indian Salad,Indian style share salad.,file:///data/user/0/host.exp.exponent/cache/ExperienceData/%2540anonymous/e3504b21-a656-4880-a401-80601f7d68bb,1 person,https://youtu.be/JfkgioRj?si=WFtWJGCV,1 hour,"flour, basil, milk, beef, egg, pepper",4d3f8b49-3abe-47ff-8022-bd8c08bc01e9,0,Make sure to season well. Adjust the amount of spices if you prefer less heat.
e13c63c7-dd99-4961-b2fe-b9b47e039963,American Soup,American style under soup.,file:///data/user/0/host.exp.exponent/cache/ExperienceData/%2540anonymous/30e6ac34-5ffd-4d8f-810d-8eb83b81c164,6 people,https://youtu.be/TYCgLUpl?si=TlyKVHiY,30 minutes,"beef, tomato, basil",9dbeba94-3347-45f1-8fc8-630687306254,0,Make sure to season well. Do not overmix when making muffins.
11c19778-5d1d-4145-bd0c-ab464af6b246,Indian Soup,Indian style deal soup.,file:///data/user/0/host.exp.exponent/cache/ExperienceData/%2540anonymous/ca9415bc-e377-4da4-9bb8-6a571663b421,1 person,https://youtu.be/OMtSWMOg?si=BNZrclQa,2 hours,"pork, butter, chicken",a7e6a46e-bd20-4cd5-9731-65c8ed01c567,0,Make sure to season well. Adjust the amount of spices if you prefer less heat.
1f52c2d5-eb36-4cff-a455-00984682de9b,Mexican Salad,Mexican style building salad.,file:///data/user/0/host.exp.exponent/cache/ExperienceData/%2540anonymous/1f734b95-9e44-459e-ad49-eb506b16ec73,4 people,https://youtu.be/WhvczmKe?si=nEFdvSpn,45 minutes,"flour, pork, sugar",d12c94aa-c036-4d2d-910a-eafda2ca76b8,0,Always taste as you go. Fresh lime will enhance the flavors.
d2aae633-77f7-4d8d-82cd-26819deacefa,Italian Main Course,Italian style at main course.,file:///data/user/0/host.exp.exponent/cache/ExperienceData/%2540anonymous/d9a89a26-8e1d-44b5-985c-d67ff191a1fc,4 people,https://youtu.be/YjmhjnAg?si=hrSeoUEO,2 hours,"cinnamon, beef, cheese, sugar, basil",a362300e-933f-4a39-a832-f532fa01839b,0,Make sure to season well. Use olive oil for an authentic taste.
cc52f2aa-4aa2-4e55-89b4-d1a46cf4a8c6,Indian Main Course,Indian style somebody main course.,file:///data/user/0/host.exp.exponent/cache/ExperienceData/%2540anonymous/fb8c9d93-bfa7-4553-b074-2d0cd787a1f2,4 people,https://youtu.be/yBXBATUc?si=nIsuIPWS,1 hour,"butter, beef, garlic, pepper, basil, sugar",98c6ca00-0008-49d5-9dc2-79cbcb5c8c6b,0,Always taste as you go. Adjust the amount of spices if you prefer less heat.
603db45a-e042-4345-b68c-1d30bef224ed,American Soup,American style quality soup.,file:///data/user/0/host.exp.exponent/cache/ExperienceData/%2540anonymous/eabe5df2-4628-45dd-b01e-a144b602204c,1 person,https://youtu.be/AqBpZbFi?si=LoIviZbL,45 minutes,"flour, butter, tomato, beef",f3f74cf8-cf28-4db6-9a02-64a8e2038ce9,0,Use fresh ingredients for better flavor. Do not overmix when making muffins.
f3a2b5df-9fcc-4869-898e-c2775022c1b9,Mexican Dessert,Mexican style art dessert.,file:///data/user/0/host.exp.exponent/cache/ExperienceData/%2540anonymous/7bfc41bf-8e98-4c15-a6fb-3fc75721b533,4 people,https://youtu.be/nDmBlwdm?si=nCpTPMqm,45 minutes,"sugar, cheese, chicken, cinnamon, butter",64ef7ce6-4930-4392-91cc-093543f30e71,0,Make sure to season well. Fresh lime will enhance the flavors.
bcd096d1-be66-4e6a-b4a4-da3fddd7509f,Mexican Snack,Mexican style tree snack.,file:///data/user/0/host.exp.exponent/cache/ExperienceData/%2540anonymous/43b38737-2d2c-401b-a65f-01e0973e63cb,4 people,https://youtu.be/FBjIMmSF?si=VUNNiiZX,45 minutes,"pepper, onion, cinnamon, sugar, basil, chicken",82aa1dd3-8c4c-47b2-bc93-5e023b3eddb8,0,Make sure to season well. Fresh lime will enhance the flavors.
92b63e9d-f209-4bbd-bf89-9add020b4965,Indian Snack,Indian style once snack.,file:///data/user/0/host.exp.exponent/cache/ExperienceData/%2540anonymous/b2cddb85-5b31-426d-9cbb-9aea158a45c4,2 people,https://youtu.be/qCLfBnAs?si=KHvJswvF,30 minutes,"basil, pork, tomato, pepper, flour, onion",f4c8a51e-1d18-4bd4-94a2-77d443cb235c,0,Always taste as you go. Adjust the amount of spices if you prefer less heat.
c07c7ec2-ea53-4610-865b-9f5d7c01558b,Chinese Main Course,Chinese style well main course.,file:///data/user/0/host.exp.exponent/cache/ExperienceData/%2540anonymous/2e82ad24-5a7f-4b58-8571-a3b862c507bc,1 person,https://youtu.be/nqNbdkjB?si=FamnBMCH,2 hours,"chicken, cheese, egg, pepper",bf452f33-a61d-4cee-aa2e-a96fa50487ac,0,Make sure to season well. Sesame oil can add a great flavor to stir-fries.
193645b5-1c6c-4f1a-9009-cd9a9e758671,American Main Course,American style them main course.,file:///data/user/0/host.exp.exponent/cache/ExperienceData/%2540anonymous/c600fd8b-0589-478e-95aa-feaec9f9d79b,6 people,https://youtu.be/diqdQTBm?si=gPJpIYuX,2 hours,"cinnamon, beef, cheese",a05b563d-fc30-4d76-af9b-f64feee3d211,0,Make sure to season well. Do not overmix when making muffins.
ad605a02-72aa-4725-8182-f7614c2364a1,Mexican Soup,Mexican style moment soup.,file:///data/user/0/host.exp.exponent/cache/ExperienceData/%2540anonymous/d7351793-ee99-454f-a0a1-a59c00578aa3,6 people,https://youtu.be/GIbtpFDO?si=eyjEDBIr,1 hour,"onion, pork, egg, tomato",7c1b9db2-2710-4088-a5bb-90c9340f026a,0,Use fresh ingredients for better flavor. Fresh lime will enhance the flavors.
c69055ab-9d6c-4e8f-a244-cce711647083,Mexican Snack,Mexican style cultural snack.,file:///data/user/0/host.exp.exponent/cache/ExperienceData/%2540anonymous/8774e7d0-3cbb-47d3-9fd3-8d922ec0d9ac,2 people,https://youtu.be/uLnLlPKj?si=othePsRm,45 minutes,"beef, chicken, sugar, flour, cheese, milk",07172e9b-8103-4a40-86d8-3fb20d8b4847,0,Let it rest after cooking. Fresh lime will enhance the flavors.
405ee78e-fa48-412a-8d19-e5a9bfe88cd5,Chinese Snack,Chinese style down snack.,file:///data/user/0/host.exp.exponent/cache/ExperienceData/%2540anonymous/f5a39d51-a364-478b-9f4a-9486967231fa,6 people,https://youtu.be/rDDwYqFt?si=gEtNAqFi,30 minutes,"tomato, garlic, pepper",1388f3a7-d43f-4c0e-b1a6-960548dc7ac2,0,Make sure to season well. Sesame oil can add a great flavor to stir-fries.
9c4aae81-b859-430a-8ce3-66b5f1465599,American Snack,American style Congress snack.,file:///data/user/0/host.exp.exponent/cache/ExperienceData/%2540anonymous/cacd457f-cbfc-4daa-8ae0-8e4f64066a5a,6 people,https://youtu.be/MNmZUMlB?si=AZufpzUS,45 minutes,"flour, milk, beef, pork, butter, cheese",ad33acd7-1d77-4815-8a71-f4787fb3ff02,0,Let it rest after cooking. Do not overmix when making muffins.
fb6b5121-30b1-489f-93e6-f3ae302e0260,American Snack,American style though snack.,file:///data/user/0/host.exp.exponent/cache/ExperienceData/%2540anonymous/3e00ba1e-668f-47aa-b315-8ad7a2fa8b93,4 people,https://youtu.be/kIXIFTAL?si=yWGkSVTc,30 minutes,"garlic, chicken, beef, milk, sugar, cheese",7c3a85e5-31bc-4ef7-9802-04e02011da56,0,Use fresh ingredients for better flavor. Do not overmix when making muffins.
e8da46bb-bba1-4e53-ad58-4f45f0d57c2e,Italian Main Course,Italian style administration main course.,file:///data/user/0/host.exp.exponent/cache/ExperienceData/%2540anonymous/f83453fd-cebf-4bd4-9216-2ca9cf081671,2 people,https://youtu.be/PTxehzyV?si=OgTLdtTl,30 minutes,"sugar, tomato, chicken, basil",1971cb3e-bc4f-4847-a007-77afb4e218bd,0,Use fresh ingredients for better flavor. Use olive oil for an authentic taste.
086c9a4c-3e5b-41b8-8903-2909490ef111,Mexican Dessert,Mexican style follow dessert.,file:///data/user/0/host.exp.exponent/cache/ExperienceData/%2540anonymous/4f24657c-d2d3-461a-8ed8-df4a0ba4392c,4 people,https://youtu.be/EnQalcyQ?si=dHtIQDzd,30 minutes,"pork, chicken, onion, pepper, cheese, beef",bbf6dd02-753b-4c5c-8da2-05dbeedc4d32,0,Use fresh ingredients for better flavor. Fresh lime will enhance the flavors.
0ea8b39d-b63e-416f-a8b2-c5f5de801186,Chinese Snack,Chinese style daughter snack.,file:///data/user/0/host.exp.exponent/cache/ExperienceData/%2540anonymous/5eed3bcc-06aa-477b-b917-eeb6e19cbc10,6 people,https://youtu.be/iBbCoGQd?si=hFQCpboH,45 minutes,"cinnamon, garlic, sugar",772d7a35-e058-4821-8085-1fa6954ac88c,0,Let it rest after cooking. Sesame oil can add a great flavor to stir-fries.
af3ae778-9617-4356-8571-3388020d97dd,Chinese Salad,Chinese style make salad.,file:///data/user/0/host.exp.exponent/cache/ExperienceData/%2540anonymous/55766a2b-5fde-4f50-a14e-6e1a768d97d4,4 people,https://youtu.be/zIBwlrqb?si=GPYOZrLE,30 minutes,"flour, milk, pork, sugar, garlic",094bb4a2-f949-4e05-ab8e-60895ecabf45,0,Use fresh ingredients for better flavor. Sesame oil can add a great flavor to stir-fries.
2d9bed83-9f90-4b3d-bbf4-29e9140f7d61,Chinese Salad,Chinese style pretty salad.,file:///data/user/0/host.exp.exponent/cache/ExperienceData/%2540anonymous/408fddbc-e875-4fd4-8392-6242264b3118,1 person,https://youtu.be/BkQSmWAO?si=bYDrIFgC,1 hour,"milk, onion, egg, pork, cheese",d9ecb94d-7636-4506-9dee-618365c46c7d,0,Make sure to season well. Sesame oil can add a great flavor to stir-fries.
073fe336-0c31-4a75-a0b6-5314cc110e33,Chinese Soup,Chinese style feeling soup.,file:///data/user/0/host.exp.exponent/cache/ExperienceData/%2540anonymous/63eca035-b2a2-420e-9042-1c8a7c1f59db,2 people,https://youtu.be/NortkEOP?si=XioNnYdZ,30 minutes,"pork, sugar, pepper, basil, milk, flour",43b0cfac-20d1-4568-9acd-fca15485f9b3,0,Always taste as you go. Sesame oil can add a great flavor to stir-fries.
9c1af130-cab2-4d10-a67a-7d59e3b513c8,Indian Dessert,Indian style again dessert.,file:///data/user/0/host.exp.exponent/cache/ExperienceData/%2540anonymous/ed5aa56e-4ba2-4456-82cb-002c706dc2b5,2 people,https://youtu.be/blDzBLfS?si=xqvKmEkV,45 minutes,"flour, pork, cinnamon, basil",8f4bccb3-a86e-4ec2-8b7e-88089f71e539,0,Make sure to season well. Adjust the amount of spices if you prefer less heat.
0ffed69c-f20d-42f1-bfeb-855de2ee506f,Italian Snack,Italian style economic snack.,file:///data/user/0/host.exp.exponent/cache/ExperienceData/%2540anonymous/efe6c7e7-bca9-4573-92d4-49a7119134db,6 people,https://youtu.be/OloiypGK?si=kvyDrISw,45 minutes,"basil, egg, tomato, garlic, beef, sugar",0a427803-b23e-4bc9-b98f-942f1d141f91,0,Use fresh ingredients for better flavor. Use olive oil for an authentic taste.
1242369c-0869-414c-a03d-83191ef9d999,Chinese Snack,Chinese style attention snack.,file:///data/user/0/host.exp.exponent/cache/ExperienceData/%2540anonymous/4875132d-160a-437e-bc80-29709e8cbf9e,1 person,https://youtu.be/FZWRVGMK?si=qUpZzkuV,2 hours,"tomato, egg, cinnamon, beef, pork, garlic",f8762471-6139-41e6-adab-491957dad0cb,0,Let it rest after cooking. Sesame oil can add a great flavor to stir-fries.
c013d17b-28c7-4b33-b40f-9da806cb52f1,Chinese Soup,Chinese style order soup.,file:///data/user/0/host.exp.exponent/cache/ExperienceData/%2540anonymous/a9b6540b-c450-4945-bab5-481263f38ffd,4 people,https://youtu.be/BxPooHGX?si=FJcpRoZF,2 hours,"pepper, beef, basil, chicken, onion",b953c730-e0b2-4eba-9c55-97118a117655,0,Make sure to season well. Sesame oil can add a great flavor to stir-fries.
b5629016-54e2-43f1-b423-a14b42ebc0cb,Chinese Soup,Chinese style continue soup.,file:///data/user/0/host.exp.exponent/cache/ExperienceData/%2540anonymous/8b1a1171-8953-44d7-a4e3-de281ac80596,4 people,https://youtu.be/xsgvoURd?si=SbMrUVBA,2 hours,"sugar, pepper, onion",27178c72-b818-48cf-ae3a-bb78a4bc8dd7,0,Always taste as you go. Sesame oil can add a great flavor to stir-fries.
a226b579-7208-482e-92f4-781aaafb9691,Mexican Main Course,Mexican style treat main course.,file:///data/user/0/host.exp.exponent/cache/ExperienceData/%2540anonymous/4c4dda17-8157-4701-bcc9-a3cdd393f5db,4 people,https://youtu.be/avQmqVnn?si=yxaLKKyc,1 hour,"cinnamon, cheese, basil, egg",2a5c6075-7d5e-456b-9ad2-90ee7b457195,0,Always taste as you go. Fresh lime will enhance the flavors.
49b0b92f-3bc0-47ca-8e91-1aea1f9f7423,Indian Soup,Indian style discuss soup.,file:///data/user/0/host.exp.exponent/cache/ExperienceData/%2540anonymous/461d12fb-9129-452c-923a-5d6f9874ae84,1 person,https://youtu.be/vxjCoDKK?si=AoWgSWgY,2 hours,"sugar, basil, butter, milk, egg, beef",5fac7414-f73b-4b87-aad3-df2473ee5f1f,0,Let it rest after cooking. Adjust the amount of spices if you prefer less heat.
9890e8bf-ab70-4a2f-aff8-8b7d632468ec,Italian Main Course,Italian style American main course.,file:///data/user/0/host.exp.exponent/cache/ExperienceData/%2540anonymous/5c346f15-d913-42da-8777-3b42b3c30d9e,4 people,https://youtu.be/spCGAlxt?si=xmggvznr,30 minutes,"tomato, milk, cinnamon, beef",cb39deb5-af5a-4cdc-8004-6cba12056dca,0,Make sure to season well. Use olive oil for an authentic taste.
d1f4b823-c925-439d-88d6-a530dccb3fca,Mexican Main Course,Mexican style speak main course.,file:///data/user/0/host.exp.exponent/cache/ExperienceData/%2540anonymous/5bdbbfe2-df55-4805-8619-9713e3d52be1,6 people,https://youtu.be/yxAFvhii?si=aZxbUmhY,2 hours,"garlic, flour, onion",b2a0fd60-31a9-4285-9dd4-bd53c7f67b55,0,Always taste as you go. Fresh lime will enhance the flavors.
73d237a2-67ae-40bb-b8ac-dc7be6aaa544,Chinese Snack,Chinese style value snack.,file:///data/user/0/host.exp.exponent/cache/ExperienceData/%2540anonymous/ce403924-56f0-4064-a4ec-e488facc6869,2 people,https://youtu.be/fkAEeEFr?si=lynjGzKk,1 hour,"sugar, egg, butter, pepper",58451acf-51d4-48f7-b70d-aed29b670f28,0,Make sure to season well. Sesame oil can add a great flavor to stir-fries.
36e8e4d7-3401-470d-95cd-a1632ccbcb8f,Mexican Dessert,Mexican style ability dessert.,file:///data/user/0/host.exp.exponent/cache/ExperienceData/%2540anonymous/b708b7ea-27fd-4cd2-b21f-25c2315b4605,4 people,https://youtu.be/vgNuPIZE?si=tFVyAstZ,30 minutes,"garlic, tomato, beef",282e1d61-024a-4fd0-a586-57460e16947b,0,Use fresh ingredients for better flavor. Fresh lime will enhance the flavors.
4db985ee-609c-422e-8334-7b9c35fda10f,Mexican Soup,Mexican style second soup.,file:///data/user/0/host.exp.exponent/cache/ExperienceData/%2540anonymous/51e2dd89-8017-4ce2-b74c-58eb38fb8657,6 people,https://youtu.be/jwlGYwDl?si=tPqmBFCE,2 hours,"pork, flour, garlic, egg, tomato",50d4ba2a-2571-4297-bcb8-554f4249056a,0,Let it rest after cooking. Fresh lime will enhance the flavors.
c49c4743-22f8-4a7a-b231-7aa52be82ef3,Indian Soup,Indian style gun soup.,file:///data/user/0/host.exp.exponent/cache/ExperienceData/%2540anonymous/1f7398e1-def1-4c86-9129-ce21c4ace906,6 people,https://youtu.be/jbQvFrdT?si=WxgTNMNv,1 hour,"sugar, onion, beef, garlic, chicken, milk",b0d8a249-cdbe-479a-a0fc-0aa8bc4d8c19,0,Make sure to season well. Adjust the amount of spices if you prefer less heat.
9184c5da-1961-4f9f-9886-df30427f3d42,Italian Soup,Italian style theory soup.,file:///data/user/0/host.exp.exponent/cache/ExperienceData/%2540anonymous/8fd8905c-2b57-4092-85a5-e579a3320f5d,1 person,https://youtu.be/RYfcEBUM?si=yCsyPqoS,2 hours,"onion, beef, chicken, flour",b65f789b-d14b-45bf-b86e-e3d5f21e492d,0,Use fresh ingredients for better flavor. Use olive oil for an authentic taste.
4c8ba78a-3aad-462e-bc4e-5d2af28e0ac7,American Soup,American style or soup.,file:///data/user/0/host.exp.exponent/cache/ExperienceData/%2540anonymous/dba4fd72-5464-4dae-b49b-632421b33c25,6 people,https://youtu.be/vTuXVbYv?si=MqXUwfJw,45 minutes,"flour, chicken, garlic",d64ca0d1-1838-4a24-a2a8-e44a7e28910a,0,Always taste as you go. Do not overmix when making muffins.
0756475d-6e18-45b7-ae38-ed66a1ea07d1,Mexican Salad,Mexican style they salad.,file:///data/user/0/host.exp.exponent/cache/ExperienceData/%2540anonymous/6a1476b9-44a3-41cf-8809-f964b96039cf,4 people,https://youtu.be/qnIwYFzn?si=MDulHcbE,45 minutes,"cheese, garlic, chicken, basil, onion",e2752d6f-3b82-43b3-9261-df4fcb0a1b7d,0,Always taste as you go. Fresh lime will enhance the flavors.
601a8668-6f9f-4929-84c2-e35644eda6b0,Italian Main Course,Italian style identify main course.,file:///data/user/0/host.exp.exponent/cache/ExperienceData/%2540anonymous/0467b653-40bf-4532-be7d-7e2dcf8f507f,4 people,https://youtu.be/wgKnahCR?si=HhlWRWwT,1 hour,"garlic, milk, butter, egg, pepper, sugar",dc43e002-03ac-4999-8174-275d032303b2,0,Let it rest after cooking. Use olive oil for an authentic taste.
d5d7ab51-7162-4173-8821-168ee08392d1,Italian Main Course,Italian style matter main course.,file:///data/user/0/host.exp.exponent/cache/ExperienceData/%2540anonymous/ce263e93-e330-4d44-ab60-233305b795b8,4 people,https://youtu.be/FlsCstcU?si=TjZgeXJE,2 hours,"onion, milk, garlic, pork",c1d6e3e7-9e56-401d-8f2b-66adfc78ef62,0,Let it rest after cooking. Use olive oil for an authentic taste.
13209853-f4d2-46f1-bd67-7374d391365b,American Salad,American style run salad.,file:///data/user/0/host.exp.exponent/cache/ExperienceData/%2540anonymous/3de43674-41c2-454b-ba13-b8e7466b2046,1 person,https://youtu.be/juxWbBir?si=FdRnnPvp,1 hour,"cinnamon, sugar, beef, garlic, cheese, flour",2c98e4f2-ce53-44a7-a472-2aabe022c4d6,0,Use fresh ingredients for better flavor. Do not overmix when making muffins.
5a878fcb-1321-4368-8fec-c53b15d17d92,American Salad,American style talk salad.,file:///data/user/0/host.exp.exponent/cache/ExperienceData/%2540anonymous/45aa2cba-4ae0-4401-8bc7-2ab020e194b5,2 people,https://youtu.be/bVKjMxqr?si=mwYXncZm,45 minutes,"cinnamon, butter, egg",058a0b4c-d6ce-4fc8-bc2b-bd507e6ce9c9,0,Always taste as you go. Do not overmix when making muffins.
3ff6ae47-ad41-4bf6-bd93-5c7ca21ee10d,American Salad,American style during salad.,file:///data/user/0/host.exp.exponent/cache/ExperienceData/%2540anonymous/1aea3689-f51d-40e4-8914-9947ad7d09fd,1 person,https://youtu.be/StqgwuLo?si=NCLjoplg,2 hours,"sugar, cinnamon, basil, chicken",e5603666-c26f-4128-858a-62d6e0b8088f,0,Use fresh ingredients for better flavor. Do not overmix when making muffins.
5d752856-1956-4a58-b951-bd73676102d7,Indian Snack,Indian style miss snack.,file:///data/user/0/host.exp.exponent/cache/ExperienceData/%2540anonymous/573b321d-d8d0-43f2-a672-889088981a3c,6 people,https://youtu.be/qgaRkXMR?si=eAECoCZX,30 minutes,"onion, pork, cheese, garlic, flour",a518e39a-6b3a-49ed-8bf2-26ffcd2de28f,0,Make sure to season well. Adjust the amount of spices if you prefer less heat.
7f267534-66a3-4673-8dee-d3213cb7b25c,Indian Dessert,Indian style green dessert.,file:///data/user/0/host.exp.exponent/cache/ExperienceData/%2540anonymous/4bac6ae1-1835-4a3e-ba87-ad77b1203401,6 people,https://youtu.be/AwvMpfTr?si=apkcJKuj,2 hours,"basil, flour, egg, milk, chicken, beef",68142a53-6678-4a32-91c9-caed9f789074,0,Use fresh ingredients for better flavor. Adjust the amount of spices if you prefer less heat.
5bdf091f-09fb-417f-898b-0957ebbd216e,Mexican Dessert,Mexican style know dessert.,file:///data/user/0/host.exp.exponent/cache/ExperienceData/%2540anonymous/6fd49c2d-f337-43f9-b4d5-7cac67a0560a,1 person,https://youtu.be/trFFQqIZ?si=xZwqbRdo,1 hour,"milk, tomato, sugar",c01a672b-69f3-4824-8d26-c6af897fe0ef,0,Let it rest after cooking. Fresh lime will enhance the flavors.
ac40d720-a868-481b-a234-1621de3f8ed6,Chinese Dessert,Chinese style end dessert.,file:///data/user/0/host.exp.exponent/cache/ExperienceData/%2540anonymous/a3d2bf94-e88a-4a4b-a2ec-4b57dca20936,1 person,https://youtu.be/vwhZpxzW?si=cOGIPmUd,1 hour,"chicken, cheese, cinnamon",0628d976-c8de-424b-9a71-b890cf061759,0,Use fresh ingredients for better flavor. Sesame oil can add a great flavor to stir-fries.
511bf23b-2c71-4024-8e99-499f710cba4d,Mexican Snack,Mexican style glass snack.,file:///data/user/0/host.exp.exponent/cache/ExperienceData/%2540anonymous/8b872efa-33d4-4a81-b28b-45743a194305,1 person,https://youtu.be/VGdIRcTv?si=UxXnpGfl,45 minutes,"cinnamon, beef, pork, pepper, chicken",b4a884e2-b625-405f-a8c8-402c77a2d0a1,0,Always taste as you go. Fresh lime will enhance the flavors.
3a63d438-bf6a-4878-9777-da8fb0d04c7f,Chinese Snack,Chinese style simple snack.,file:///data/user/0/host.exp.exponent/cache/ExperienceData/%2540anonymous/69962a4e-97a6-4c22-b0ea-d5ec426c54e5,1 person,https://youtu.be/NmmbZHTn?si=RxQPSSPY,45 minutes,"cinnamon, butter, pork, sugar",d1161267-e7e9-4f23-be5d-264ad44f6e45,0,Let it rest after cooking. Sesame oil can add a great flavor to stir-fries.
513df288-eb94-4646-878e-bd19c533bb79,American Snack,American style expert snack.,file:///data/user/0/host.exp.exponent/cache/ExperienceData/%2540anonymous/5d58ece8-6d10-418a-a3c7-831e90f768eb,6 people,https://youtu.be/vNBBRjei?si=uphgxGCV,2 hours,"onion, pepper, cinnamon",a06067cd-b4f3-449a-b09e-08369e4d5698,0,Let it rest after cooking. Do not overmix when making muffins.
739f57dd-059d-4e4c-99b7-13ea08d52628,Chinese Dessert,Chinese style control dessert.,file:///data/user/0/host.exp.exponent/cache/ExperienceData/%2540anonymous/83a06047-c057-45a2-b14d-70a68fdf2b69,4 people,https://youtu.be/TpcYLgDv?si=jRzFAFbH,45 minutes,"cheese, milk, basil",86ac258d-a921-4057-b507-2611edfd1ab2,0,Let it rest after cooking. Sesame oil can add a great flavor to stir-fries.
6cea65d5-2d21-423d-a286-c7fba0fb10dc,American Soup,American style through soup.,file:///data/user/0/host.exp.exponent/cache/ExperienceData/%2540anonymous/e0d46911-2ef9-40f5-a35a-fcb2d36a6f21,4 people,https://youtu.be/pAchryoR?si=dokoWoKu,2 hours,"garlic, butter, pepper, egg, cinnamon, flour",bc1d4662-f30b-4f08-a8ba-7987e78cdbd3,0,Let it rest after cooking. Do not overmix when making muffins.
5ddbf31f-cd80-4090-bb64-948cd373846d,American Snack,American style until snack.,file:///data/user/0/host.exp.exponent/cache/ExperienceData/%2540anonymous/735c54d7-537a-407e-a9ea-e9a2ab55f9b5,2 people,https://youtu.be/gLUfeotv?si=uDWxeJyQ,2 hours,"cinnamon, onion, basil, milk, tomato, butter",1718ef6b-f56e-47db-82c0-2aa8e98a3647,0,Let it rest after cooking. Do not overmix when making muffins.
1daf68fa-6d09-417d-a018-20316e65a9a9,Indian Salad,Indian style movie salad.,file:///data/user/0/host.exp.exponent/cache/ExperienceData/%2540anonymous/abbe93c5-fefd-4bc3-9c3c-259fcc0a92d3,2 people,https://youtu.be/XPljubnf?si=wvlUDxwO,2 hours,"basil, flour, tomato, milk, garlic, chicken",4ef06ea0-2fca-4e9b-a27d-bfbdac0ed924,0,Make sure to season well. Adjust the amount of spices if you prefer less heat.
ea418bd7-25f5-4b87-9440-3b6594e33383,American Salad,American style raise salad.,file:///data/user/0/host.exp.exponent/cache/ExperienceData/%2540anonymous/59620a8b-774c-4809-b144-4b5fc69dd392,2 people,https://youtu.be/tPdRrHTR?si=UfiJBnZg,2 hours,"cinnamon, butter, flour, onion, egg, chicken",32ef20d6-d5ed-44c1-9589-058f06434517,0,Always taste as you go. Do not overmix when making muffins.
3d078111-5313-4978-a48f-0febbfc05ff5,Indian Soup,Indian style identify soup.,file:///data/user/0/host.exp.exponent/cache/ExperienceData/%2540anonymous/e7657cd3-0ea2-48f0-9687-d2a51b4983fb,2 people,https://youtu.be/vZTRpvTI?si=ATBskUKh,2 hours,"pork, flour, chicken, milk, beef",0ada8c63-0d52-45fd-863e-532d205801a6,0,Use fresh ingredients for better flavor. Adjust the amount of spices if you prefer less heat.
71b90257-b9e4-47d6-9b55-89aa9bd8f47c,Italian Soup,Italian style with soup.,file:///data/user/0/host.exp.exponent/cache/ExperienceData/%2540anonymous/8560ea73-355a-4db0-a79b-4515dfd8d30c,2 people,https://youtu.be/grsUhtPE?si=ZBLNCabR,1 hour,"chicken, milk, beef, egg, butter, pepper",4e4a12f1-d459-4acf-b595-510d06d45d2f,0,Always taste as you go. Use olive oil for an authentic taste.
e722d516-ae2a-4f42-bc72-6373cd83e8c1,Indian Salad,Indian style use salad.,file:///data/user/0/host.exp.exponent/cache/ExperienceData/%2540anonymous/0af00e0b-cfda-465c-9dee-81ad32488b4c,1 person,https://youtu.be/GrMrmroT?si=BaVykDbb,45 minutes,"butter, cinnamon, pepper, onion, basil",d75d54b4-30f8-4925-be92-65df11c291c0,0,Make sure to season well. Adjust the amount of spices if you prefer less heat.
05cfe155-4174-4415-9ca0-83295890acc8,Chinese Main Course,Chinese style political main course.,file:///data/user/0/host.exp.exponent/cache/ExperienceData/%2540anonymous/bf8462b4-6394-4dbb-9710-bbe0d27dc214,1 person,https://youtu.be/xGLHQgRQ?si=dijmdmrm,1 hour,"tomato, cinnamon, flour",3b48824d-a48e-4172-b089-da9afb23448a,0,Always taste as you go. Sesame oil can add a great flavor to stir-fries.
0621d46a-a2c3-4ba7-8521-866091f0567c,Chinese Snack,Chinese style help snack.,file:///data/user/0/host.exp.exponent/cache/ExperienceData/%2540anonymous/aba273a7-c84f-42c5-a67b-6cd7e2d127d0,6 people,https://youtu.be/VKwLvAft?si=qWQbogHP,1 hour,"sugar, pork, basil, milk",958bd828-d895-4dd2-b7ef-77070f87e9af,0,Use fresh ingredients for better flavor. Sesame oil can add a great flavor to stir-fries.
87e9ac33-4049-4891-ad71-1f22ae92545c,Mexican Snack,Mexican style reality snack.,file:///data/user/0/host.exp.exponent/cache/ExperienceData/%2540anonymous/d05ab102-e0db-4a12-aaca-076ac9be64f9,4 people,https://youtu.be/IKHQjelz?si=ZLUVmDYH,30 minutes,"chicken, butter, garlic, pepper, cheese",41c7c8b3-2179-419f-858e-d6dced724294,0,Let it rest after cooking. Fresh lime will enhance the flavors.
5113ed14-996c-4d7f-9e66-f558091ad950,Italian Snack,Italian style impact snack.,file:///data/user/0/host.exp.exponent/cache/ExperienceData/%2540anonymous/6a453a1f-e395-44ec-b019-8e84f450db64,6 people,https://youtu.be/fnZxVrsd?si=ItuNlGsL,45 minutes,"flour, sugar, basil, cinnamon, cheese, pepper",657286ec-490a-4a29-adb2-3b009bdb9e63,0,Always taste as you go. Use olive oil for an authentic taste.
2937f3db-485f-4075-b040-45bc3d35779e,Mexican Snack,Mexican style against snack.,file:///data/user/0/host.exp.exponent/cache/ExperienceData/%2540anonymous/e035842a-f729-4fdb-91ec-13d8d8e379a0,4 people,https://youtu.be/UpJUDzks?si=ghMAwaYy,1 hour,"onion, egg, cheese",6811d9ca-a0bb-4775-9bfd-44e6085a9e7f,0,Make sure to season well. Fresh lime will enhance the flavors.
20972b42-06f9-41f5-9c3d-96d13eefc302,American Main Course,American style lawyer main course.,file:///data/user/0/host.exp.exponent/cache/ExperienceData/%2540anonymous/d90fe354-e335-4ecf-a8a1-98c967676018,6 people,https://youtu.be/sHcvNUFI?si=DRzertyY,45 minutes,"cheese, onion, pepper, cinnamon",b8b37197-3712-4581-8b10-871c1cde6685,0,Use fresh ingredients for better flavor. Do not overmix when making muffins.
8dd93f55-50a4-419a-9470-cc159ae9b320,Mexican Main Course,Mexican style scientist main course.,file:///data/user/0/host.exp.exponent/cache/ExperienceData/%2540anonymous/01e7bcc9-2470-4165-83cd-ac488ab71ce5,1 person,https://youtu.be/lYNymaiE?si=lMQXzytH,2 hours,"flour, pork, beef, tomato",94a49828-8a75-42cc-bca4-c1bc2f9fe112,0,Let it rest after cooking. Fresh lime will enhance the flavors.
d86f5a49-8e4f-45ef-ada1-54c0ce6ec9ad,Indian Soup,Indian style finally soup.,file:///data/user/0/host.exp.exponent/cache/ExperienceData/%2540anonymous/a5b2e4a0-7518-47f2-bb08-b42657b69fcc,6 people,https://youtu.be/KlAKIAhm?si=TqCafwKW,2 hours,"cheese, tomato, chicken, egg",2c281990-1ff2-4f9d-96b3-46669da9f03a,0,Make sure to season well. Adjust the amount of spices if you prefer less heat.
82c73778-4206-4e76-8040-30d6e0094ff1,Chinese Soup,Chinese style tree soup.,file:///data/user/0/host.exp.exponent/cache/ExperienceData/%2540anonymous/3d688415-e179-443f-bc44-a0c8724cd7c4,4 people,https://youtu.be/eUuQIVZN?si=JJHGUOTy,30 minutes,"beef, pork, basil, egg, chicken",f25f82a3-da0b-4b6b-bca8-761b00e70d2c,0,Let it rest after cooking. Sesame oil can add a great flavor to stir-fries.
78ebdbc7-3dda-4a30-8732-0fabc567a572,Italian Salad,Italian style front salad.,file:///data/user/0/host.exp.exponent/cache/ExperienceData/%2540anonymous/4c77beae-cd72-46ad-858a-ba8c0284399d,2 people,https://youtu.be/iojeQwBZ?si=tqybeOkJ,2 hours,"pepper, tomato, cheese, cinnamon, sugar, chicken",042bffba-0d4f-4794-8f90-1b2701ffd89a,0,Make sure to season well. Use olive oil for an authentic taste.
1f2bf68b-a46f-4a74-89ea-21479b1d2569,Indian Snack,Indian style moment snack.,file:///data/user/0/host.exp.exponent/cache/ExperienceData/%2540anonymous/5b8ce017-1737-4f15-878f-0c247650ff55,1 person,https://youtu.be/FggKheNL?si=DTJwQYhf,30 minutes,"onion, pepper, pork",b1048eec-da5b-4600-a252-3766e63cd7a3,0,Make sure to season well. Adjust the amount of spices if you prefer less heat.
2613b896-0b93-4209-ac21-9a0806388ab2,Mexican Main Course,Mexican style prevent main course.,file:///data/user/0/host.exp.exponent/cache/ExperienceData/%2540anonymous/8c8bff1e-039a-4537-8ed0-48b755992e14,1 person,https://youtu.be/XysZzfjm?si=MDmMNeOP,45 minutes,"cinnamon, garlic, chicken, tomato",080d2d85-68b1-4e88-9256-94c238c4a071,0,Always taste as you go. Fresh lime will enhance the flavors.
787c99b9-7878-46f8-b417-99aaabaccf71,Mexican Salad,Mexican style keep salad.,file:///data/user/0/host.exp.exponent/cache/ExperienceData/%2540anonymous/b1800937-7d56-49c8-87b7-d1fde8eab311,2 people,https://youtu.be/fXZllLCt?si=bLbaFVFD,30 minutes,"butter, cinnamon, beef, cheese, sugar",d106a680-9845-4bf0-8e33-93f5e9c84b3b,0,Make sure to season well. Fresh lime will enhance the flavors.
459c1892-9cd1-4cf1-a3aa-fb7fb44d9be1,Mexican Snack,Mexican style low snack.,file:///data/user/0/host.exp.exponent/cache/ExperienceData/%2540anonymous/6cffb6b7-2381-4817-91b1-573cbfe80512,6 people,https://youtu.be/wVcpWmBW?si=qyhWlqAD,45 minutes,"garlic, butter, cheese, basil, cinnamon, sugar",bbe4872f-c12f-4149-8063-f8a5881031ef,0,Let it rest after cooking. Fresh lime will enhance the flavors.
c55b2b9c-5fa2-4be7-ab4f-728645acebfe,Mexican Soup,Mexican style PM soup.,file:///data/user/0/host.exp.exponent/cache/ExperienceData/%2540anonymous/38f8b125-456b-46fd-b182-cde7ec662731,2 people,https://youtu.be/NnJFIToK?si=hrKReNCz,1 hour,"butter, egg, pork",9b4d95fc-9f15-467e-93b8-a6d70f35098e,0,Let it rest after cooking. Fresh lime will enhance the flavors.
fb8c6189-00cf-48a5-9386-7ccdc89e808b,Italian Salad,Italian style involve salad.,file:///data/user/0/host.exp.exponent/cache/ExperienceData/%2540anonymous/a2924423-46b3-4055-ae2d-9e6654e53e96,2 people,https://youtu.be/RbssbHHG?si=hguiZIJh,2 hours,"cinnamon, onion, chicken",1e16f2e4-ef0e-4708-909d-f7abf528cdcf,0,Let it rest after cooking. Use olive oil for an authentic taste.
32ac9231-f6a2-4226-999e-b296e29748ed,Italian Snack,Italian style serious snack.,file:///data/user/0/host.exp.exponent/cache/ExperienceData/%2540anonymous/60a078aa-48a0-41b0-9f58-c7aa460f5e0b,4 people,https://youtu.be/hQyYxDYm?si=fDQupYYw,30 minutes,"chicken, onion, cinnamon",cb654d34-cbee-4667-8b43-0f0929eaa484,0,Let it rest after cooking. Use olive oil for an authentic taste.
a560c4aa-8f89-41da-8f28-9faac3288ffb,Mexican Main Course,Mexican style ball main course.,file:///data/user/0/host.exp.exponent/cache/ExperienceData/%2540anonymous/8774ac81-9915-461a-8417-9d8c6567c8e0,1 person,https://youtu.be/DyuOekIs?si=IoPZIbjC,30 minutes,"beef, onion, butter",84497de1-5066-4c85-ac0b-21ae1177f41c,0,Make sure to season well. Fresh lime will enhance the flavors.
74cea371-bdd5-40a6-b580-ff9c60bd8992,Italian Main Course,Italian style coach main course.,file:///data/user/0/host.exp.exponent/cache/ExperienceData/%2540anonymous/1e62f83d-8ac6-4983-ab6c-b8217c8c817e,1 person,https://youtu.be/gHlJPCez?si=YmmUsRtt,45 minutes,"beef, garlic, pepper, pork",1ea0f0eb-0f8a-4599-82cc-d2cfb43718bc,0,Use fresh ingredients for better flavor. Use olive oil for an authentic taste.
2a496a59-2a8f-4d4c-884c-c2cad617b558,Indian Dessert,Indian style produce dessert.,file:///data/user/0/host.exp.exponent/cache/ExperienceData/%2540anonymous/7e370df5-6762-441e-8c4e-ddcf1d6ba2ab,2 people,https://youtu.be/TaFjuysR?si=ngnBxqmp,45 minutes,"cheese, beef, tomato, sugar",05a6ff07-5cea-472b-ac17-4059a48943ae,0,Let it rest after cooking. Adjust the amount of spices if you prefer less heat.
4d169fb8-de0e-485d-9dfd-2a198d13b668,American Snack,American style these snack.,file:///data/user/0/host.exp.exponent/cache/ExperienceData/%2540anonymous/8c93aeb4-3263-4223-835d-e8dbcdffec38,4 people,https://youtu.be/lUYenWlN?si=VOBcimum,2 hours,"pork, sugar, egg, pepper, flour, cinnamon",59153d46-874a-4a07-b263-6d8c3eab0428,0,Let it rest after cooking. Do not overmix when making muffins.
6b7da842-4e62-4bbe-8587-bb0fb2e99975,Chinese Main Course,Chinese style top main course.,file:///data/user/0/host.exp.exponent/cache/ExperienceData/%2540anonymous/dcf6f675-7654-473e-8609-f5569cc68752,4 people,https://youtu.be/Zyifttau?si=xQeyMLwH,2 hours,"egg, chicken, basil, tomato, cinnamon, pepper",b1d51fd1-9721-4709-a576-d7f309f59977,0,Make sure to season well. Sesame oil can add a great flavor to stir-fries.
7d0fd8e7-2d34-40d9-84a6-8b167765315c,Mexican Soup,Mexican style glass soup.,file:///data/user/0/host.exp.exponent/cache/ExperienceData/%2540anonymous/de63a2f6-ccd2-4e32-a8f8-fa5fe8db4db9,1 person,https://youtu.be/dDALKAlm?si=jqLeiaig,45 minutes,"basil, pepper, garlic, sugar, butter, chicken",4eb9d0dc-4eee-4502-a051-21aeaf17369b,0,Use fresh ingredients for better flavor. Fresh lime will enhance the flavors.
c16d7115-fa6d-461a-b241-65ea3f2d3ad6,Mexican Soup,Mexican style both soup.,file:///data/user/0/host.exp.exponent/cache/ExperienceData/%2540anonymous/63ad1029-56e2-4cb3-a1c2-25cab5df71c7,4 people,https://youtu.be/wjmfbgMW?si=OhcgzrsB,30 minutes,"beef, butter, sugar, pepper",13f50a06-ec95-43d2-9b69-5349d836f7cd,0,Let it rest after cooking. Fresh lime will enhance the flavors.
ca88fc3a-4225-41d3-833c-6f1b37528cd0,American Salad,American style far salad.,file:///data/user/0/host.exp.exponent/cache/ExperienceData/%2540anonymous/72ec2725-e1ea-4ef1-81a5-6251a538058c,1 person,https://youtu.be/QPKkYHWr?si=JaASLlRh,45 minutes,"egg, garlic, butter",1f9eb20c-960d-4eeb-9866-6ac6c19bf5d8,0,Always taste as you go. Do not overmix when making muffins.
e5097563-1a8a-4824-9dab-b47989667c16,Italian Snack,Italian style wife snack.,file:///data/user/0/host.exp.exponent/cache/ExperienceData/%2540anonymous/3b2e0d6c-732c-42a9-934d-a9ce45161837,2 people,https://youtu.be/rDtBUYuz?si=eXQclObr,2 hours,"cinnamon, basil, egg, chicken, butter",b69bf6fe-9930-4c6c-abdd-947157f4d47e,0,Always taste as you go. Use olive oil for an authentic taste.
e631dfe1-5ac1-4458-9b7f-d4eef8d9586b,Mexican Salad,Mexican style house salad.,file:///data/user/0/host.exp.exponent/cache/ExperienceData/%2540anonymous/7b21672a-9e4a-4802-8c35-4fe15a66e0f3,1 person,https://youtu.be/crcymBZk?si=XQwuKgut,1 hour,"sugar, cheese, pork",590d0f61-c0f6-4c43-b832-a15d31d8e68a,0,Always taste as you go. Fresh lime will enhance the flavors.
e53b59de-0ac3-4075-94e5-31edbfd50a3d,American Dessert,American style add dessert.,file:///data/user/0/host.exp.exponent/cache/ExperienceData/%2540anonymous/b667a75b-d2c4-4344-9fa0-d77dd12ed91b,1 person,https://youtu.be/Gjgnxbvk?si=jMDKFAZR,45 minutes,"basil, beef, onion, tomato, cheese",5df82024-a181-43df-a6c7-1d700643dbb7,0,Make sure to season well. Do not overmix when making muffins.
54b7f904-c14c-4709-acf7-dcbb93d63a60,Chinese Salad,Chinese style push salad.,file:///data/user/0/host.exp.exponent/cache/ExperienceData/%2540anonymous/eb6ad156-8b06-4d1e-b06c-dee4aca1c5b7,2 people,https://youtu.be/YhvsZkkl?si=rwvOrxOe,30 minutes,"tomato, onion, basil, chicken, pork",ccb3257d-861d-450f-a103-c1f04fb213f4,0,Use fresh ingredients for better flavor. Sesame oil can add a great flavor to stir-fries.
4afbd7b6-8436-48fd-9e45-838ca51d04b1,Italian Soup,Italian style imagine soup.,file:///data/user/0/host.exp.exponent/cache/ExperienceData/%2540anonymous/c2dafe30-de6c-4757-a312-a910d461edc9,6 people,https://youtu.be/sHLZzUJX?si=RaAtlewr,1 hour,"egg, beef, butter, garlic",f5e5fc8d-04da-48bd-ba6e-cef6b6c4003d,0,Make sure to season well. Use olive oil for an authentic taste.
d820c1d2-0b9d-4cef-88f3-9fc7922c1754,American Main Course,American style career main course.,file:///data/user/0/host.exp.exponent/cache/ExperienceData/%2540anonymous/538044d0-fd7d-447e-b011-43c7b6c98528,6 people,https://youtu.be/GhqZFZTm?si=sgkULwmQ,1 hour,"onion, pork, tomato",c5fa48b1-e384-440e-8fcc-e122bdd21dae,0,Use fresh ingredients for better flavor. Do not overmix when making muffins.
05282c56-c6a0-4094-8a1e-fb35eab82478,Mexican Main Course,Mexican style discussion main course.,file:///data/user/0/host.exp.exponent/cache/ExperienceData/%2540anonymous/b81e609a-d92f-4a9d-b7e0-c1902b2cf1ef,2 people,https://youtu.be/ukeXtqpP?si=xJXBtTvj,1 hour,"garlic, tomato, milk, cinnamon, chicken",cd531043-34c3-420b-8ce8-1bd738ae05cb,0,Use fresh ingredients for better flavor. Fresh lime will enhance the flavors.
0e3731d0-4982-465b-9827-a6cc755b3a60,Mexican Soup,Mexican style mention soup.,file:///data/user/0/host.exp.exponent/cache/ExperienceData/%2540anonymous/06d9655c-eb4c-4427-98b1-034fb3be1fb4,2 people,https://youtu.be/ejSqjOaf?si=mGLBYbla,45 minutes,"chicken, basil, milk",8f5e51ef-dce6-41e4-b0f7-d41c62b9508f,0,Let it rest after cooking. Fresh lime will enhance the flavors.
52b5cb1e-cb11-4238-8379-259344e2b5fe,Italian Main Course,Italian style spend main course.,file:///data/user/0/host.exp.exponent/cache/ExperienceData/%2540anonymous/79a3ad8c-9ad8-4bfc-a7fc-6aa6ed96e85b,1 person,https://youtu.be/IfdkOaTa?si=DMPIhNbo,45 minutes,"chicken, cinnamon, beef, milk, pork, sugar",a1f5fb6f-da37-4e2c-afec-e884a22f0139,0,Let it rest after cooking. Use olive oil for an authentic taste.
77fa374e-b2a1-44b6-8b70-aae1a4b3d670,Mexican Dessert,Mexican style enough dessert.,file:///data/user/0/host.exp.exponent/cache/ExperienceData/%2540anonymous/7a6c1ff7-30a8-4b9f-bed3-8a8bde895bc9,1 person,https://youtu.be/frcBgxyA?si=fTnMpkHQ,1 hour,"tomato, cinnamon, butter",ce9a16d0-8310-4229-b861-ab9c60c38a13,0,Make sure to season well. Fresh lime will enhance the flavors.
161754cb-b0c6-4f14-94df-42eacf69d2a0,Mexican Salad,Mexican style bad salad.,file:///data/user/0/host.exp.exponent/cache/ExperienceData/%2540anonymous/b0059ab0-fe8c-4ee9-99cc-f690e56b7909,6 people,https://youtu.be/CYwlDACm?si=ouqVqekT,30 minutes,"beef, basil, pepper, milk, cinnamon, chicken",700edb5a-3cce-4467-9764-0309e6d37cac,0,Use fresh ingredients for better flavor. Fresh lime will enhance the flavors.
5db0ea05-09bc-4e92-aaa0-81969dc4c587,Italian Main Course,Italian style technology main course.,file:///data/user/0/host.exp.exponent/cache/ExperienceData/%2540anonymous/f0da6a47-8c94-490d-ac72-af10719cd727,2 people,https://youtu.be/hUbjBuml?si=rtfEDWue,2 hours,"flour, cheese, beef, garlic, butter, sugar",9a631e27-28e3-4f33-94da-d29359572abf,0,Always taste as you go. Use olive oil for an authentic taste.
246c24c6-717d-4452-a619-cbf4baa8a5bd,American Main Course,American style lose main course.,file:///data/user/0/host.exp.exponent/cache/ExperienceData/%2540anonymous/cca82b4f-f370-4216-bfb7-1ed476ce4040,4 people,https://youtu.be/BANbykPJ?si=gqcBPKGg,1 hour,"chicken, pork, onion, cinnamon, egg",0779c0c7-c7e3-4cd1-b759-20fef57935a1,0,Let it rest after cooking. Do not overmix when making muffins.
40d69598-7236-4435-8633-1bfb7662f9a8,Chinese Salad,Chinese style like salad.,file:///data/user/0/host.exp.exponent/cache/ExperienceData/%2540anonymous/e78db59a-7326-48db-b07e-bdec6917dabb,2 people,https://youtu.be/wYdLbyNF?si=nYnTAJSK,30 minutes,"tomato, garlic, pepper, chicken, onion, cinnamon",976e368c-a432-4034-af35-9ab174e2ed94,0,Always taste as you go. Sesame oil can add a great flavor to stir-fries.
40480491-afd6-4097-9119-91c399389dc1,American Snack,American style account snack.,file:///data/user/0/host.exp.exponent/cache/ExperienceData/%2540anonymous/95e491b2-9e09-4727-b0f6-6a28d689247e,4 people,https://youtu.be/dpVuuXeg?si=PlKstcnZ,30 minutes,"pork, cheese, tomato, egg, flour, chicken",5f693abd-2761-4977-a651-c06c1f17813a,0,Make sure to season well. Do not overmix when making muffins.
e9eecef4-ddfb-4691-a261-98c82629a52a,Indian Main Course,Indian style least main course.,file:///data/user/0/host.exp.exponent/cache/ExperienceData/%2540anonymous/98eabeae-cfc1-464d-a153-1db32bd986f3,4 people,https://youtu.be/QVFekDmm?si=NyiwtTLl,1 hour,"onion, pork, beef",fe6deadd-ec92-4c74-b66a-4bf9b3de191a,0,Use fresh ingredients for better flavor. Adjust the amount of spices if you prefer less heat.
9c126788-edaf-4ecf-8c30-fb7402d1763e,American Snack,American style soon snack.,file:///data/user/0/host.exp.exponent/cache/ExperienceData/%2540anonymous/0138ff52-d0bd-45be-9568-1ad4919086b4,1 person,https://youtu.be/hDqdJRLa?si=uvYaPZaY,30 minutes,"pork, chicken, milk, egg, cinnamon",d081d871-2927-44ba-b7c6-cbb4aed975e2,0,Always taste as you go. Do not overmix when making muffins.
90db95f7-bedc-4280-86ae-13c6d1d7a33f,Chinese Dessert,Chinese style avoid dessert.,file:///data/user/0/host.exp.exponent/cache/ExperienceData/%2540anonymous/ddcfadc1-4a49-4982-b1bd-6800cac26f23,4 people,https://youtu.be/ItIxwYaS?si=kZbodbdU,45 minutes,"tomato, cheese, egg, sugar, garlic",27d33d81-d2a0-4bfd-9200-09bf1c7e1edd,0,Use fresh ingredients for better flavor. Sesame oil can add a great flavor to stir-fries.
7d2fd9fe-1235-4f97-a6d1-370633885a5d,American Main Course,American style too main course.,file:///data/user/0/host.exp.exponent/cache/ExperienceData/%2540anonymous/9dab7e10-1f7c-4f82-b65e-ee918fa375ef,2 people,https://youtu.be/wtOsawlU?si=tEFoMLYu,30 minutes,"chicken, egg, garlic, cinnamon, basil",6b63d761-1c94-4347-b242-d75246ef0fea,0,Always taste as you go. Do not overmix when making muffins.
773822fc-07cc-4959-b3aa-b0ed6f643e37,Mexican Soup,Mexican style nice soup.,file:///data/user/0/host.exp.exponent/cache/ExperienceData/%2540anonymous/27aa2f62-93f4-4336-b0f1-17377e17a3bb,4 people,https://youtu.be/kuyBiTmk?si=dvrgNGWY,2 hours,"flour, pepper, tomato, basil",bf01cc57-2e35-46d8-b547-93e9bc11bb94,0,Always taste as you go. Fresh lime will enhance the flavors.
23348291-fd6d-4389-bc49-17fe51977bd2,Chinese Dessert,Chinese style arrive dessert.,file:///data/user/0/host.exp.exponent/cache/ExperienceData/%2540anonymous/f3ee2c3f-d8a1-450f-bd2c-a2325b886540,6 people,https://youtu.be/YNKapvmE?si=WbYikUHa,1 hour,"flour, butter, pepper, sugar, milk",e2f40a9e-2d2a-4293-a661-55f151169261,0,Use fresh ingredients for better flavor. Sesame oil can add a great flavor to stir-fries.
340d80f8-98d2-41c7-91ef-fff080cc4df2,American Soup,American style above soup.,file:///data/user/0/host.exp.exponent/cache/ExperienceData/%2540anonymous/3ac6fb41-f3f2-4630-9e0f-25236a2a59de,2 people,https://youtu.be/hNupfWef?si=MPyYbVlo,1 hour,"egg, cinnamon, butter",29f15158-d86a-4b47-9a06-62e96abeac9f,0,Use fresh ingredients for better flavor. Do not overmix when making muffins.
62b4a4f4-e2ca-4d17-adc7-af700ecc5021,Mexican Salad,Mexican style local salad.,file:///data/user/0/host.exp.exponent/cache/ExperienceData/%2540anonymous/6bc2f249-24e8-4936-8810-67f16a874f84,6 people,https://youtu.be/Cwxdaivj?si=EGhVeCjf,2 hours,"garlic, onion, sugar, pepper, milk, cheese",391ac5b3-82c4-4ee9-acba-9167cb8e278b,0,Always taste as you go. Fresh lime will enhance the flavors.
1ec17a2f-280d-40e1-8ffa-a8d41656e43b,Mexican Soup,Mexican style mind soup.,file:///data/user/0/host.exp.exponent/cache/ExperienceData/%2540anonymous/fd594d7b-9b41-4371-b997-609f8ae5e3f3,4 people,https://youtu.be/tXSUCaQa?si=kZQuoKDo,1 hour,"basil, pork, milk, egg, cheese",75be6fc3-bf54-447d-9d61-70d8fb907b7c,0,Let it rest after cooking. Fresh lime will enhance the flavors.
f6703f6c-c33a-4e36-97bd-00d77cb69041,American Soup,American style imagine soup.,file:///data/user/0/host.exp.exponent/cache/ExperienceData/%2540anonymous/d6e19a44-29fd-46c6-87cf-986208157c0f,1 person,https://youtu.be/DFsPvjFQ?si=qtdYDVof,30 minutes,"cinnamon, chicken, pork",b494788e-20f3-46d1-b35b-4851b8c04229,0,Make sure to season well. Do not overmix when making muffins.
82455844-b4c5-4374-a922-de58e9dc0350,American Soup,American style same soup.,file:///data/user/0/host.exp.exponent/cache/ExperienceData/%2540anonymous/bbb67904-0b4c-438c-bfa6-24c7e163099e,1 person,https://youtu.be/ZafYsoVF?si=AJXASgYK,30 minutes,"tomato, pepper, sugar, pork, butter",1ba051c1-4072-45dc-9267-1502525c6ccb,0,Let it rest after cooking. Do not overmix when making muffins.
abb93576-bb98-40b4-9565-29dcaebff615,American Dessert,American style company dessert.,file:///data/user/0/host.exp.exponent/cache/ExperienceData/%2540anonymous/6fc974e3-3cd7-4947-b064-475251db448f,1 person,https://youtu.be/xAUvgekw?si=sGAFkrmr,1 hour,"onion, sugar, garlic, tomato, egg",b8a916da-580c-42ce-a0ea-4c4d900a0b02,0,Let it rest after cooking. Do not overmix when making muffins.
fa6467e8-eef2-43ad-864b-d80085b5f058,Italian Dessert,Italian style thank dessert.,file:///data/user/0/host.exp.exponent/cache/ExperienceData/%2540anonymous/e1d31ee4-c7ab-4532-b3a9-ce184a23854d,1 person,https://youtu.be/cOUpcxoN?si=HKBTvonZ,1 hour,"butter, onion, garlic, cinnamon, pepper",6b908e84-e99e-403f-96e7-c89f68678e83,0,Always taste as you go. Use olive oil for an authentic taste.
84bd93aa-104b-4c46-b627-2ebaa70c4388,Indian Soup,Indian style lay soup.,file:///data/user/0/host.exp.exponent/cache/ExperienceData/%2540anonymous/1c037148-dddd-453b-b978-729e54e8c1ff,1 person,https://youtu.be/ZwKIQXiG?si=yKVHBDIC,30 minutes,"sugar, butter, tomato",0e1d9e3b-4c4e-4532-8161-1bb98c9a822b,0,Let it rest after cooking. Adjust the amount of spices if you prefer less heat.
8ac44645-19be-428b-be06-cb1164107549,Chinese Main Course,Chinese style our main course.,file:///data/user/0/host.exp.exponent/cache/ExperienceData/%2540anonymous/3d78466e-0f5a-40cc-be57-883c5ce2f26b,2 people,https://youtu.be/emUoXRZf?si=MMJujCHM,30 minutes,"egg, tomato, basil",b4d0737a-ebb4-47bc-86b0-34e1d6925046,0,Use fresh ingredients for better flavor. Sesame oil can add a great flavor to stir-fries.
3e05964e-646f-4375-a30a-8901946cff04,Indian Snack,Indian style sure snack.,file:///data/user/0/host.exp.exponent/cache/ExperienceData/%2540anonymous/2152f269-8d72-4f8c-9957-4e60702cf796,1 person,https://youtu.be/thlvyppU?si=bZlBNxDq,2 hours,"beef, chicken, pepper, onion, butter",74bf0064-2283-4226-9916-8afac8ebfafd,0,Make sure to season well. Adjust the amount of spices if you prefer less heat.
9e395f80-ad80-4b98-884f-9fd6453f9981,Italian Snack,Italian style suggest snack.,file:///data/user/0/host.exp.exponent/cache/ExperienceData/%2540anonymous/178ffa75-1a54-4d6e-b537-ffc0cfbf0a78,2 people,https://youtu.be/ETDtgEaY?si=SJTcAYRf,2 hours,"milk, egg, chicken, pork, pepper",e28d46bf-558b-4ea1-b17d-f099ba64b123,0,Let it rest after cooking. Use olive oil for an authentic taste.
59a1bd5d-659a-4a12-82bd-f11ffcf0844b,Italian Main Course,Italian style once main course.,file:///data/user/0/host.exp.exponent/cache/ExperienceData/%2540anonymous/ce0b5fd8-d1f0-4fd9-8f9e-26321dd0d287,1 person,https://youtu.be/NYDJmUHS?si=doqBKyfz,2 hours,"egg, pork, chicken",34201a1a-3730-4ce0-9511-3198f6f57ef2,0,Make sure to season well. Use olive oil for an authentic taste.
812a7ddb-ff99-4546-be69-d252b8aae003,Indian Salad,Indian style do salad.,file:///data/user/0/host.exp.exponent/cache/ExperienceData/%2540anonymous/f4764aec-a888-477f-9301-7ee7ca01923e,2 people,https://youtu.be/YzkxBcIo?si=cQFnJjgr,1 hour,"basil, pepper, beef, cheese, butter, sugar",07017c1f-dd1c-4d7a-bae4-091e185a3e19,0,Use fresh ingredients for better flavor. Adjust the amount of spices if you prefer less heat.
55277b22-e199-444c-be85-ff387944c677,Chinese Dessert,Chinese style number dessert.,file:///data/user/0/host.exp.exponent/cache/ExperienceData/%2540anonymous/d63cae3d-b8fc-446f-9a9f-b1b80743b734,4 people,https://youtu.be/IIgcXbqZ?si=IEcohyJv,45 minutes,"flour, egg, garlic, pepper",7c764962-9eed-4fd8-8bfc-6a70be30ccd0,0,Use fresh ingredients for better flavor. Sesame oil can add a great flavor to stir-fries.
7b747765-20fa-436b-ac31-38e7db893885,Chinese Main Course,Chinese style condition main course.,file:///data/user/0/host.exp.exponent/cache/ExperienceData/%2540anonymous/87d0334b-dac6-4842-b058-c0ca38b03536,4 people,https://youtu.be/iYOrFZjR?si=LTTOxBlt,1 hour,"onion, egg, garlic, sugar",14ceed8b-b2e1-4c0b-b2ea-0aeff5363f0e,0,Make sure to season well. Sesame oil can add a great flavor to stir-fries.
d80780aa-2711-42ed-9a8e-88abdd898f2a,Mexican Soup,Mexican style agreement soup.,file:///data/user/0/host.exp.exponent/cache/ExperienceData/%2540anonymous/40417dbf-e48c-418f-af00-45154e823936,4 people,https://youtu.be/IhUMkvMZ?si=GIjorqGE,45 minutes,"beef, butter, tomato, pork, flour, egg",1b1dbcdd-8f65-49b3-b27d-3e03aee33f32,0,Make sure to season well. Fresh lime will enhance the flavors.
3aebf92e-e1ad-4a18-b438-44951751c055,American Snack,American style eat snack.,file:///data/user/0/host.exp.exponent/cache/ExperienceData/%2540anonymous/0d71bfa2-340d-4e59-827a-a63679c527f9,6 people,https://youtu.be/TKevmPVi?si=sLKfCkRF,45 minutes,"pork, milk, flour",8c728fc9-5af7-48fa-8c6b-17cc5022cc65,0,Let it rest after cooking. Do not overmix when making muffins.
b5cd1d1d-a787-45da-9e85-5a877faab452,Chinese Snack,Chinese style anyone snack.,file:///data/user/0/host.exp.exponent/cache/ExperienceData/%2540anonymous/619f7795-dfdd-46f7-831b-d888e1e49fa1,2 people,https://youtu.be/KRwoCkYN?si=eVEznpEL,1 hour,"milk, onion, tomato",1ee11e64-99e7-45ca-87d8-18b355b10c65,0,Make sure to season well. Sesame oil can add a great flavor to stir-fries.
7cfa7c4a-5706-4384-bc8d-a22da175824a,Italian Soup,Italian style light soup.,file:///data/user/0/host.exp.exponent/cache/ExperienceData/%2540anonymous/06979330-2d23-41dd-9c61-368e86919603,6 people,https://youtu.be/dPiISsYe?si=JRQaYkpw,45 minutes,"pepper, chicken, garlic, pork, butter",503024a6-e0ad-475c-b69b-8d2f0c997438,0,Make sure to season well. Use olive oil for an authentic taste.
70c7f7d5-4dce-45d8-8bfb-3b692f226f7d,Chinese Snack,Chinese style system snack.,file:///data/user/0/host.exp.exponent/cache/ExperienceData/%2540anonymous/bca58962-9e68-49bc-a48e-4665856504b4,1 person,https://youtu.be/uyXAjkbQ?si=yMuXLUzS,1 hour,"cinnamon, pork, chicken, pepper",9bbdb0ac-7315-42e5-9f4a-dbf577971000,0,Let it rest after cooking. Sesame oil can add a great flavor to stir-fries.
6d53efef-ad1d-432a-b0f8-7dbb159aa4c3,Chinese Dessert,Chinese style lead dessert.,file:///data/user/0/host.exp.exponent/cache/ExperienceData/%2540anonymous/3417f5c4-a783-44bc-84ac-ea863218f14a,2 people,https://youtu.be/DNfRpioY?si=kvolJTUU,45 minutes,"flour, beef, pepper, cheese",da52d7c6-4c97-432e-be7e-5ca8f7b0d74e,0,Use fresh ingredients for better flavor. Sesame oil can add a great flavor to stir-fries.
f36aac16-f33c-4c04-9fac-06dd05bd1303,Italian Dessert,Italian style some dessert.,file:///data/user/0/host.exp.exponent/cache/ExperienceData/%2540anonymous/5c643f73-f65b-4f00-b8e9-682e3ff13b7b,2 people,https://youtu.be/njjcwPgO?si=YOMmlMdS,2 hours,"garlic, basil, pork, egg",b9913661-bbbd-469b-b6d2-f629f2c13403,0,Always taste as you go. Use olive oil for an authentic taste.
94907f6b-e060-4ef7-ae7c-8c25ac33708c,Mexican Dessert,Mexican style example dessert.,file:///data/user/0/host.exp.exponent/cache/ExperienceData/%2540anonymous/2da136f1-b6c6-423c-8d90-3d4cd7ac8cf8,1 person,https://youtu.be/HqUYiECR?si=rFswpuWH,2 hours,"beef, cheese, garlic, tomato",25887299-117c-4c87-8382-e010c5b64107,0,Make sure to season well. Fresh lime will enhance the flavors.
a0e2adc9-4a29-44ca-8c3b-b54e5e0a9dd9,Italian Soup,Italian style fall soup.,file:///data/user/0/host.exp.exponent/cache/ExperienceData/%2540anonymous/b60836d1-64ac-4cd4-b00a-0893b594dc19,2 people,https://youtu.be/IswaDbql?si=YCWAgNaO,1 hour,"butter, beef, onion, flour, milk, basil",f2604c26-dcca-4c89-af1b-a29ef178019c,0,Use fresh ingredients for better flavor. Use olive oil for an authentic taste.
6e591511-fc3f-45c3-b536-53e3ef7d1b05,American Dessert,American style everyone dessert.,file:///data/user/0/host.exp.exponent/cache/ExperienceData/%2540anonymous/5553cfd3-4c2a-4a54-8f14-2e4e1231cb86,4 people,https://youtu.be/WeGAiFfU?si=uOVMkTQb,30 minutes,"tomato, garlic, pepper",ac17216a-49d7-491b-8459-373104ffc045,0,Let it rest after cooking. Do not overmix when making muffins.
75caa955-44d1-4392-908e-02575c6e11cd,Chinese Snack,Chinese style us snack.,file:///data/user/0/host.exp.exponent/cache/ExperienceData/%2540anonymous/72508354-a3a1-43f9-8998-904336bb5d99,6 people,https://youtu.be/fBmuLCfe?si=eiiWdhrI,45 minutes,"cheese, sugar, cinnamon, basil, butter",c97a66fb-4a0d-48c5-bbc8-ee6af8587c2e,0,Always taste as you go. Sesame oil can add a great flavor to stir-fries.
30e63e10-9864-40dd-b83d-6b80d2918a0d,American Soup,American style green soup.,file:///data/user/0/host.exp.exponent/cache/ExperienceData/%2540anonymous/8c30180b-c19e-42be-9ca9-d6ca83f1b5fe,2 people,https://youtu.be/KRpsdSMR?si=tmYythjc,1 hour,"butter, egg, cheese, cinnamon, flour, onion",4aaabfda-bed8-4621-a4f4-d05743affa6b,0,Use fresh ingredients for better flavor. Do not overmix when making muffins.
80c4be67-b0e8-46be-b799-bb258f303688,Italian Salad,Italian style itself salad.,file:///data/user/0/host.exp.exponent/cache/ExperienceData/%2540anonymous/6b5527cd-8f90-4694-ba8d-f506b914d584,1 person,https://youtu.be/tpIncoCv?si=kJRzTNSf,2 hours,"tomato, basil, garlic, sugar, onion, flour",9ef3ec1d-d125-4f49-b1fc-a8675926f866,0,Let it rest after cooking. Use olive oil for an authentic taste.
0cd5ea60-d4e1-40aa-9386-9f5b1649fb36,Chinese Salad,Chinese style not salad.,file:///data/user/0/host.exp.exponent/cache/ExperienceData/%2540anonymous/a52755a0-9cbe-4b54-9c71-57f6a86a96aa,6 people,https://youtu.be/vBKeLGzx?si=MEKYpqEb,2 hours,"pepper, chicken, basil, cheese",635638fb-402f-4db6-a0b9-f17128429b6c,0,Let it rest after cooking. Sesame oil can add a great flavor to stir-fries.
e5258915-733d-4368-82f1-3d2f71774c8f,Italian Dessert,Italian style professor dessert.,file:///data/user/0/host.exp.exponent/cache/ExperienceData/%2540anonymous/2aec71c9-fc62-41f1-8ddb-988e01eb3334,6 people,https://youtu.be/TRJSGVMp?si=YIJpWjbo,45 minutes,"flour, butter, cinnamon, milk",ea23707d-cdf9-4354-974c-8a64e00e5001,0,Always taste as you go. Use olive oil for an authentic taste.
eac15c31-8bc6-4c6b-8243-826a00cfdbf9,American Main Course,American style describe main course.,file:///data/user/0/host.exp.exponent/cache/ExperienceData/%2540anonymous/d8d242b4-69e8-4861-bff1-27ffcff6952b,6 people,https://youtu.be/pUbzRwdD?si=OVjFlnZO,45 minutes,"garlic, beef, egg, flour",943db1e0-c7e9-4a7c-8f24-6102d2f2a8d1,0,Always taste as you go. Do not overmix when making muffins.
c2fc86a0-b3fc-4ac7-b6c1-92aba38a6f81,Indian Main Course,Indian style clearly main course.,file:///data/user/0/host.exp.exponent/cache/ExperienceData/%2540anonymous/fc73f040-3dde-4f37-a529-44b11c0a626b,6 people,https://youtu.be/UUVKFXRu?si=uNMqKQqF,1 hour,"basil, chicken, egg, garlic",8338ca14-1d2e-4c54-817c-0cbe50b70125,0,Use fresh ingredients for better flavor. Adjust the amount of spices if you prefer less heat.
49c8d17f-c596-4254-b6fa-5beb7d80a233,American Main Course,American style then main course.,file:///data/user/0/host.exp.exponent/cache/ExperienceData/%2540anonymous/b9f3ea0b-a691-473d-bccd-d4323ce99572,4 people,https://youtu.be/Lugpdlpd?si=WYToPSEC,30 minutes,"basil, cinnamon, chicken, onion, butter",3f1f65e4-4cae-47ec-aac8-b1b311c2828c,0,Always taste as you go. Do not overmix when making muffins.
32bcc564-ec92-4818-9b3c-13d1e202bd10,Italian Dessert,Italian style rest dessert.,file:///data/user/0/host.exp.exponent/cache/ExperienceData/%2540anonymous/8a9624de-3de3-4bac-8173-39cc26d86955,1 person,https://youtu.be/EKcLytYr?si=RURqNgjr,2 hours,"garlic, onion, cinnamon, sugar, flour, basil",0aaced8f-d1ae-40e9-9f6f-b7614a47de7b,0,Let it rest after cooking. Use olive oil for an authentic taste.
3872a081-842b-481b-8e03-7897bb4aa9db,Italian Main Course,Italian style she main course.,file:///data/user/0/host.exp.exponent/cache/ExperienceData/%2540anonymous/19ddd278-d1cb-4e15-89c0-84839b343a6f,4 people,https://youtu.be/xXNoLgzD?si=EHeSOozf,30 minutes,"onion, sugar, pepper, egg, pork, butter",b53fcd84-4c2b-4d1e-ac26-6447657d2782,0,Let it rest after cooking. Use olive oil for an authentic taste.
cf92119e-dbf8-4f1b-9c1c-c7d116a9c9d9,Italian Snack,Italian style according snack.,file:///data/user/0/host.exp.exponent/cache/ExperienceData/%2540anonymous/ed0f8e26-9965-479d-9c1b-2029353e5428,2 people,https://youtu.be/PIPASesg?si=FCwPYUXs,2 hours,"milk, tomato, basil, cheese, pork",e05fce96-db1c-43c0-b6a8-f10179260cce,0,Make sure to season well. Use olive oil for an authentic taste.
a101096a-8c65-4bcb-82dc-605321ed17cc,Mexican Main Course,Mexican style address main course.,file:///data/user/0/host.exp.exponent/cache/ExperienceData/%2540anonymous/856424cd-3760-40d2-952a-3c486ba75847,6 people,https://youtu.be/yWOkDccF?si=MlQOfVyh,2 hours,"milk, onion, butter",56a73ac7-2658-49a2-82e3-d8e23df62e37,0,Let it rest after cooking. Fresh lime will enhance the flavors.
48a9b9dd-9f9b-49bb-875f-f24dfcf5ee83,Chinese Dessert,Chinese style week dessert.,file:///data/user/0/host.exp.exponent/cache/ExperienceData/%2540anonymous/8b97f90d-f56c-4a73-8c44-f7899e9364a7,2 people,https://youtu.be/yoFQwgKA?si=YXTwHOcW,30 minutes,"basil, egg, tomato",33be69aa-02cb-4be1-992d-ddd16532cfe3,0,Always taste as you go. Sesame oil can add a great flavor to stir-fries.
090b51c1-b1cd-4030-b604-429e9e9b9eca,American Dessert,American style her dessert.,file:///data/user/0/host.exp.exponent/cache/ExperienceData/%2540anonymous/3cf32ebc-97c4-4cba-be05-6d604834d075,4 people,https://youtu.be/tinSiBZV?si=ZWFGLDfg,45 minutes,"sugar, basil, cinnamon, egg, cheese",06800025-9302-4beb-aa12-99128b150d07,0,Let it rest after cooking. Do not overmix when making muffins.
20db89e2-b7f9-405b-82a1-21c0c823e6c7,American Salad,American style Mr salad.,file:///data/user/0/host.exp.exponent/cache/ExperienceData/%2540anonymous/0406c2ea-6866-4b18-b443-0f424e81c133,6 people,https://youtu.be/QiBxGmJN?si=UkGyffsU,30 minutes,"milk, onion, pepper",10de7d26-622a-48da-995f-29a4e8e7928a,0,Always taste as you go. Do not overmix when making muffins.
7bd4e9ee-35ff-4c27-b789-5029d24a09a0,American Dessert,American style us dessert.,file:///data/user/0/host.exp.exponent/cache/ExperienceData/%2540anonymous/0b84f174-b41f-40fc-b637-69fa123eeb89,2 people,https://youtu.be/UUITEozN?si=OcYUbSAg,45 minutes,"flour, butter, egg",bb616079-d817-446a-948a-a6fd589d1b31,0,Use fresh ingredients for better flavor. Do not overmix when making muffins.
8392ed76-eaa3-4ad4-b635-4f6471ce2219,Mexican Dessert,Mexican style most dessert.,file:///data/user/0/host.exp.exponent/cache/ExperienceData/%2540anonymous/0f31eb38-2fbd-4e71-af18-6c45b931087f,1 person,https://youtu.be/YOauLKla?si=IcuKWwvk,2 hours,"onion, pepper, butter, egg, cinnamon",c0e29c14-33a3-4c5d-846e-5c947f67b515,0,Always taste as you go. Fresh lime will enhance the flavors.
2e520f75-8dc9-456c-8735-581f8e96e2c3,Chinese Salad,Chinese style both salad.,file:///data/user/0/host.exp.exponent/cache/ExperienceData/%2540anonymous/eb073291-8956-4f85-85e9-dc1a612a195b,1 person,https://youtu.be/XzWgdihV?si=MmWdrLUc,30 minutes,"tomato, sugar, onion, butter, cinnamon",7210dfd7-a3e8-4ec7-b4ee-83afc74ed6eb,0,Make sure to season well. Sesame oil can add a great flavor to stir-fries.
e61b2ecd-8258-4a94-881b-b1a0399d3333,Italian Main Course,Italian style them main course.,file:///data/user/0/host.exp.exponent/cache/ExperienceData/%2540anonymous/9367d9b9-39b6-4e20-9535-bd984f992bf9,6 people,https://youtu.be/oLfKPDbn?si=sUrcptsy,45 minutes,"butter, onion, cinnamon, tomato, pork, chicken",7729df68-f584-4454-8e02-40c18d663d43,0,Use fresh ingredients for better flavor. Use olive oil for an authentic taste.
874bde26-1f81-4020-a9e6-2ef7114b8ebc,Italian Snack,Italian style nice snack.,file:///data/user/0/host.exp.exponent/cache/ExperienceData/%2540anonymous/89c27430-6255-4547-96a6-d46a4f9b8471,1 person,https://youtu.be/dLQMgYNh?si=EFUiYpGg,2 hours,"flour, basil, tomato, pork, chicken, pepper",306a180c-94ba-4a64-8fc8-37e3d0eef528,0,Always taste as you go. Use olive oil for an authentic taste.
b32e0f16-e0e7-406c-b696-991fcfded865,Indian Salad,Indian style necessary salad.,file:///data/user/0/host.exp.exponent/cache/ExperienceData/%2540anonymous/bf95f362-2fda-4275-bf09-78f372fecfc4,1 person,https://youtu.be/dxIPGFnM?si=CLWMCXXY,45 minutes,"chicken, egg, tomato",b828a3ce-937f-4f42-9ab6-6985cf35af85,0,Let it rest after cooking. Adjust the amount of spices if you prefer less heat.
81a39331-6705-48f3-894a-f824ff0e8de8,Mexican Dessert,Mexican style drug dessert.,file:///data/user/0/host.exp.exponent/cache/ExperienceData/%2540anonymous/4eadc60c-64b8-4c4c-8401-1a02306337b2,2 people,https://youtu.be/RBLoEKzy?si=aQhLrtQW,2 hours,"cinnamon, basil, milk",ace53bed-c222-49c7-89c1-c4365f470592,0,Always taste as you go. Fresh lime will enhance the flavors.
347a0572-12cd-40be-ab1b-629750d46755,Mexican Dessert,Mexican style garden dessert.,file:///data/user/0/host.exp.exponent/cache/ExperienceData/%2540anonymous/2ac98ce6-89ab-408b-8476-833caf4c7847,2 people,https://youtu.be/RfGBhXWN?si=tXWranKn,30 minutes,"cheese, onion, egg, garlic, pepper",4b8ef9fe-b0d8-4afe-acb5-19589362ead8,0,Always taste as you go. Fresh lime will enhance the flavors.
7cb1e446-3b4b-4def-b9aa-f1aa7f59eefd,American Dessert,American style question dessert.,file:///data/user/0/host.exp.exponent/cache/ExperienceData/%2540anonymous/78243544-9578-4262-9d24-e0d0cc5c021d,4 people,https://youtu.be/qVdwdisL?si=RVKYALcR,1 hour,"pepper, beef, onion, flour, garlic",c5f2ccd1-8a6c-4767-a3a0-2442271b65a4,0,Let it rest after cooking. Do not overmix when making muffins.
2502cfef-89b0-4c9f-a413-be7ff0ccbe2d,Mexican Snack,Mexican style whom snack.,file:///data/user/0/host.exp.exponent/cache/ExperienceData/%2540anonymous/bb709fcf-6412-456b-915c-d6c0398b8083,6 people,https://youtu.be/zUsBHvXH?si=WeSBIayt,1 hour,"pepper, beef, cinnamon, chicken, tomato",06e682dd-2e2c-45fe-831c-8c125bc6fd59,0,Use fresh ingredients for better flavor. Fresh lime will enhance the flavors.
acbec1df-81e8-4955-9057-68366f6ad94b,American Snack,American style they snack.,file:///data/user/0/host.exp.exponent/cache/ExperienceData/%2540anonymous/2ab45105-6331-4b60-9b64-1d6277df0e71,6 people,https://youtu.be/qCrRcFrv?si=GLsCvlnM,45 minutes,"butter, egg, cheese",1769a4a0-394b-4216-8f33-2552567c69b6,0,Always taste as you go. Do not overmix when making muffins.
dc605e58-6c49-4ecf-90f0-65c15330da87,Italian Soup,Italian style war soup.,file:///data/user/0/host.exp.exponent/cache/ExperienceData/%2540anonymous/da1d8316-0bef-4855-b746-c7667fb7d93d,1 person,https://youtu.be/njCaXOCs?si=pZtNXJyp,2 hours,"onion, beef, butter, garlic",7e187222-7bc1-451d-9242-2892068a9b6b,0,Use fresh ingredients for better flavor. Use olive oil for an authentic taste.
a549db00-0ef8-41fb-a04e-62a75a23b2a0,Mexican Dessert,Mexican style simple dessert.,file:///data/user/0/host.exp.exponent/cache/ExperienceData/%2540anonymous/c04e01d8-2d73-40bd-964c-6025ac1e1704,2 people,https://youtu.be/ztuhVzUC?si=oyLipMWe,30 minutes,"tomato, pepper, garlic, egg, sugar",24d6662d-bb34-408a-8a74-af46fb544762,0,Always taste as you go. Fresh lime will enhance the flavors.
fe0f2132-4005-4e26-a3fa-29a7fe00b3fe,Mexican Salad,Mexican style scene salad.,file:///data/user/0/host.exp.exponent/cache/ExperienceData/%2540anonymous/e1237fa3-6882-401c-b682-552c72fe2149,2 people,https://youtu.be/LYcGCpSg?si=OwnChMSc,45 minutes,"pork, butter, sugar, milk, beef",30f4c0d5-d16b-4faf-acbb-922d3cfdd3a5,0,Use fresh ingredients for better flavor. Fresh lime will enhance the flavors.
4465ea83-54c7-4c4a-971f-1ca571fe40a6,Chinese Main Course,Chinese style six main course.,file:///data/user/0/host.exp.exponent/cache/ExperienceData/%2540anonymous/d82b98fd-9f71-43b3-9b75-6370f9f6b846,1 person,https://youtu.be/mdXtZSpb?si=pUqDARpg,1 hour,"garlic, pork, tomato",89f9b069-8ae4-4e05-9961-7358a5cd7b5a,0,Use fresh ingredients for better flavor. Sesame oil can add a great flavor to stir-fries.
f1d9e864-03fb-43b0-823f-c99b443f6db9,Indian Main Course,Indian style check main course.,file:///data/user/0/host.exp.exponent/cache/ExperienceData/%2540anonymous/2a0b4583-ad8e-4c78-8717-d1cd429cd183,4 people,https://youtu.be/LRmowtAL?si=IWnodAxR,45 minutes,"butter, garlic, chicken, pepper",6e032c7d-b276-441c-9bb1-886bd2695353,0,Make sure to season well. Adjust the amount of spices if you prefer less heat.
5cf2382d-ffc3-4735-9a8f-36d113b6b5fb,Mexican Main Course,Mexican style hope main course.,file:///data/user/0/host.exp.exponent/cache/ExperienceData/%2540anonymous/21d10321-9f98-4b26-a25d-6013f83cb8c9,1 person,https://youtu.be/UAtNTcKZ?si=moRZReTG,30 minutes,"flour, cinnamon, pork",e5f15794-f6d8-42fc-aa6b-da16fa21a00d,0,Use fresh ingredients for better flavor. Fresh lime will enhance the flavors.
f707d402-bde6-47a3-a6bc-407b0fd07007,Chinese Soup,Chinese style training soup.,file:///data/user/0/host.exp.exponent/cache/ExperienceData/%2540anonymous/9249d223-9cb1-4035-8935-4024ef4f78b9,6 people,https://youtu.be/ulZizJzF?si=KpyTMjnN,1 hour,"pepper, garlic, egg",ae20138e-caf6-4cf6-8dd4-802f838f4e1b,0,Make sure to season well. Sesame oil can add a great flavor to stir-fries.
b159c015-4d02-4171-829d-7fea277c5caa,Mexican Main Course,Mexican style subject main course.,file:///data/user/0/host.exp.exponent/cache/ExperienceData/%2540anonymous/11b117c5-55b4-405a-990e-ff29c3072d28,4 people,https://youtu.be/jhVxdlRa?si=aNylpqXZ,1 hour,"cinnamon, pork, basil",3ccc3d2a-8753-4d98-aefb-f31d2c87ec7b,0,Let it rest after cooking. Fresh lime will enhance the flavors.
a5ee5078-b099-4dce-b92d-9bd6ed8983ed,Indian Snack,Indian style sort snack.,file:///data/user/0/host.exp.exponent/cache/ExperienceData/%2540anonymous/732e3b9c-3323-4220-a80d-34935792e216,6 people,https://youtu.be/lYCfHSkf?si=kbzEXvUD,45 minutes,"chicken, cheese, sugar, onion, pork, basil",bb94b300-297e-4e7d-8dee-2ad5db888b8b,0,Always taste as you go. Adjust the amount of spices if you prefer less heat.
c2a7d448-c08f-49b5-a8a9-b741e9b764d6,Italian Main Course,Italian style rest main course.,file:///data/user/0/host.exp.exponent/cache/ExperienceData/%2540anonymous/02dfb62b-a5a6-435f-8277-ec4bac21e44b,1 person,https://youtu.be/bIhDJqZe?si=nvFZJTzM,30 minutes,"garlic, cinnamon, sugar, egg",fcc20dfd-7f4f-46a1-8e4c-c8130cc072a5,0,Let it rest after cooking. Use olive oil for an authentic taste.
98b7d273-d137-44e3-897a-6bab2a15b432,Mexican Soup,Mexican style always soup.,file:///data/user/0/host.exp.exponent/cache/ExperienceData/%2540anonymous/5a5c9b34-3f43-4fec-b80b-bdb53776c460,6 people,https://youtu.be/dSFDEeLu?si=aJvtVzvm,30 minutes,"cinnamon, beef, chicken, tomato",23834ee6-0c03-4bf8-ac35-2524de78852d,0,Always taste as you go. Fresh lime will enhance the flavors.
4d66cb8e-589c-4eaf-837e-1435085eaad0,American Soup,American style politics soup.,file:///data/user/0/host.exp.exponent/cache/ExperienceData/%2540anonymous/9c914c67-67e4-487d-9894-304fbb7e4705,6 people,https://youtu.be/YfdzBEvA?si=PqzyoTlF,2 hours,"pork, butter, tomato",0a4d6332-6335-4c45-aede-5deeee1556c4,0,Make sure to season well. Do not overmix when making muffins.
6310975a-6578-462a-95dd-be7358d4eaeb,Chinese Salad,Chinese style himself salad.,file:///data/user/0/host.exp.exponent/cache/ExperienceData/%2540anonymous/ad442a3f-6830-4ae5-824c-c0d83494bfcb,6 people,https://youtu.be/lBXtAklQ?si=KHXEsbKd,1 hour,"pork, egg, cinnamon, beef, chicken, milk",bf424482-c120-4c0a-bde7-b2ffd0129507,0,Use fresh ingredients for better flavor. Sesame oil can add a great flavor to stir-fries.
3066c05c-2b8c-46d0-bb9b-1fcbba8361b9,Indian Snack,Indian style offer snack.,file:///data/user/0/host.exp.exponent/cache/ExperienceData/%2540anonymous/a2fa678a-7d78-47bd-90bb-05eaa4bdd100,2 people,https://youtu.be/CgurVELy?si=pVvqRvFQ,2 hours,"pork, onion, milk, pepper, beef",3f49ca57-38ef-4557-b6a1-c2c46ea67285,0,Always taste as you go. Adjust the amount of spices if you prefer less heat.
009550b2-3f86-4fd6-a4fc-342c043a405a,Indian Salad,Indian style a salad.,file:///data/user/0/host.exp.exponent/cache/ExperienceData/%2540anonymous/05894316-3247-43dd-9b81-bd2a26834daf,1 person,https://youtu.be/vHXvluNU?si=ojFGgDiY,45 minutes,"milk, basil, cheese",a2b297bd-098c-4b99-9923-94573dd42bd1,0,Let it rest after cooking. Adjust the amount of spices if you prefer less heat.
58e00075-d720-497c-974a-264fb4a4ffe5,Mexican Dessert,Mexican style miss dessert.,file:///data/user/0/host.exp.exponent/cache/ExperienceData/%2540anonymous/6fb2e515-576a-4ebb-95c5-5849ef1427ca,6 people,https://youtu.be/GVJnHcAW?si=GkAAyVSc,30 minutes,"pork, butter, garlic, egg, flour",5f79bbe5-e65c-484d-964b-c5b98bc9c117,0,Always taste as you go. Fresh lime will enhance the flavors.
0aa9136d-3d58-42b9-9b70-f36f0be3a49f,American Salad,American style daughter salad.,file:///data/user/0/host.exp.exponent/cache/ExperienceData/%2540anonymous/453c21fc-1f59-4f51-9d8e-8f1979970aa3,4 people,https://youtu.be/RNZzecnu?si=lOSpfRLp,2 hours,"egg, garlic, sugar, pork",5f6d7d87-3104-4ae0-b944-114c4913aaa2,0,Use fresh ingredients for better flavor. Do not overmix when making muffins.
dbd0e2ca-f74c-477b-96e9-bbccae8a8752,Indian Snack,Indian style remember snack.,file:///data/user/0/host.exp.exponent/cache/ExperienceData/%2540anonymous/523dbb61-6787-4510-afb9-b59a5c8229fe,6 people,https://youtu.be/XgRYdeuy?si=fDHQmtUL,2 hours,"flour, cheese, milk, basil",4063c82c-a0f7-4d75-bf7d-30a9df2d132a,0,Always taste as you go. Adjust the amount of spices if you prefer less heat.
386aadda-ad2f-4cb8-a0bf-8fcf3e511a94,Indian Soup,Indian style no soup.,file:///data/user/0/host.exp.exponent/cache/ExperienceData/%2540anonymous/bb9ada41-83d2-4817-999e-8d10a0ea4add,6 people,https://youtu.be/cmJjdjbU?si=cLqjRGVm,30 minutes,"pork, sugar, chicken, pepper, basil, milk",bb1efc2b-a258-40af-8145-ebe86e3799b4,0,Use fresh ingredients for better flavor. Adjust the amount of spices if you prefer less heat.
a6096698-a8b0-4c62-bced-71e9781680f3,Indian Main Course,Indian style central main course.,file:///data/user/0/host.exp.exponent/cache/ExperienceData/%2540anonymous/86b39094-640a-4176-b344-e0b758b49a18,6 people,https://youtu.be/MOeVRmeW?si=QCjgFiug,2 hours,"egg, garlic, pepper, sugar",381f377d-ba61-4151-9c47-1844f5cbcc22,0,Always taste as you go. Adjust the amount of spices if you prefer less heat.
0c1d338a-47c5-4011-b726-064ec9824280,American Snack,American style hotel snack.,file:///data/user/0/host.exp.exponent/cache/ExperienceData/%2540anonymous/7929d4b7-5df1-4baf-a361-8234d0bb8747,2 people,https://youtu.be/IDzptzLd?si=ECladkTU,45 minutes,"pork, sugar, garlic",53623af9-92e8-49df-84e0-41c7eefaeae6,0,Use fresh ingredients for better flavor. Do not overmix when making muffins.
ca0c16c7-d2ac-47b7-a7f9-fcd514892179,Italian Salad,Italian style trouble salad.,file:///data/user/0/host.exp.exponent/cache/ExperienceData/%2540anonymous/758acbfe-8d1e-4ba6-9646-3ea49f3ce137,6 people,https://youtu.be/iUCQqOFR?si=ZCgcCCYv,30 minutes,"egg, butter, tomato, basil, milk",4c6561bd-3d37-4856-9b00-7e36562ff118,0,Let it rest after cooking. Use olive oil for an authentic taste.
7b704c70-ade0-42f8-9cfd-d2a7c7c93ae0,Mexican Main Course,Mexican style your main course.,file:///data/user/0/host.exp.exponent/cache/ExperienceData/%2540anonymous/3441d79f-aa18-4ad6-9581-af7b6e07e3f9,4 people,https://youtu.be/pnQLHceR?si=IzwkdeFt,45 minutes,"cinnamon, milk, basil, flour, pepper",9b18f5c0-8625-424a-8e63-6e738f0fcfe2,0,Let it rest after cooking. Fresh lime will enhance the flavors.
89e72fab-6017-48b7-96f9-ecea5ec29318,Mexican Salad,Mexican style central salad.,file:///data/user/0/host.exp.exponent/cache/ExperienceData/%2540anonymous/65d1fd8e-b02b-4bea-b07b-307e00b3ce09,6 people,https://youtu.be/rcYAmZjA?si=sVFVeaCQ,1 hour,"milk, cinnamon, beef, pork",b7a49e6f-6fad-4776-8eb8-c233bf822328,0,Use fresh ingredients for better flavor. Fresh lime will enhance the flavors.
7eb2ed33-6764-4322-aebf-53fc05fd5cc7,American Dessert,American style large dessert.,file:///data/user/0/host.exp.exponent/cache/ExperienceData/%2540anonymous/cfe8ea5e-663c-4505-a2fe-c604715dd166,4 people,https://youtu.be/uFUpkNzJ?si=JzmSpANr,1 hour,"tomato, pork, onion",29843556-7279-4d89-93c5-b560eee4aecf,0,Let it rest after cooking. Do not overmix when making muffins.
a4737333-0e87-416c-a5d2-5a55902449e2,Chinese Dessert,Chinese style close dessert.,file:///data/user/0/host.exp.exponent/cache/ExperienceData/%2540anonymous/4cf63b73-a180-40ff-bd3c-5aebeabf38bc,1 person,https://youtu.be/drsYMBEc?si=VrXJUHXA,30 minutes,"flour, pepper, sugar, butter, garlic",45428861-ba28-4e59-851d-ae01cf265f2d,0,Use fresh ingredients for better flavor. Sesame oil can add a great flavor to stir-fries.
8814ea5f-cfe8-4959-840b-e24af2492412,Italian Salad,Italian style trade salad.,file:///data/user/0/host.exp.exponent/cache/ExperienceData/%2540anonymous/47169b46-069d-40cf-b983-12c2614faf4d,4 people,https://youtu.be/pNPVDgEF?si=kfNOEmEB,45 minutes,"chicken, garlic, flour",3c0f4565-a118-4a84-a63d-f57c6db2c8c4,0,Let it rest after cooking. Use olive oil for an authentic taste.
7b994a1b-828d-4fe5-97ab-0314912dd66a,Italian Snack,Italian style song snack.,file:///data/user/0/host.exp.exponent/cache/ExperienceData/%2540anonymous/dc3b89e9-2879-4a12-8056-52fc61145bef,6 people,https://youtu.be/QTSGScTl?si=CKSmCdCh,45 minutes,"milk, pepper, tomato",72f4e5d6-d0e6-4cbb-a803-0165e832a385,0,Make sure to season well. Use olive oil for an authentic taste.
86b2ca8e-62dd-46f0-94f9-ac94fd245792,Italian Main Course,Italian style must main course.,file:///data/user/0/host.exp.exponent/cache/ExperienceData/%2540anonymous/d565e741-5b33-4d36-ab9d-3c1733a31295,2 people,https://youtu.be/KcCGPMeg?si=DHbULZnl,2 hours,"cinnamon, tomato, flour, pork, chicken",66c2c4f4-d4e0-4f9e-a281-3bddfb208d8b,0,Always taste as you go. Use olive oil for an authentic taste.
04106d7c-3447-45d3-b6c7-3aaed7fbe837,Indian Salad,Indian style write salad.,file:///data/user/0/host.exp.exponent/cache/ExperienceData/%2540anonymous/d5aca010-577f-4d44-9e6d-b9c632c2707c,1 person,https://youtu.be/pcgAGIeU?si=IfcetcPg,1 hour,"cinnamon, sugar, garlic, milk, chicken",f2edf408-7adc-4fc7-92fb-ce5fcc04228d,0,Always taste as you go. Adjust the amount of spices if you prefer less heat.
0dab9ba5-9305-4f6a-a956-90393a6e5f44,American Snack,American style visit snack.,file:///data/user/0/host.exp.exponent/cache/ExperienceData/%2540anonymous/66fef4c1-9abf-422a-a2d6-55383016a933,1 person,https://youtu.be/tybeVsnU?si=mRATdrCV,30 minutes,"cinnamon, pork, tomato, milk, chicken",336aad15-2f69-4cde-a817-d83e5be513ec,0,Let it rest after cooking. Do not overmix when making muffins.
23214987-558a-4fc9-8e22-e196da33eb61,Italian Salad,Italian style staff salad.,file:///data/user/0/host.exp.exponent/cache/ExperienceData/%2540anonymous/2fdd967b-33e3-4876-95ad-2c491f50ddf6,6 people,https://youtu.be/oDZGcfKr?si=NsqsNoJt,1 hour,"butter, cheese, beef",627a1166-b6ef-4ccf-83c4-4ac18a4d73f3,0,Make sure to season well. Use olive oil for an authentic taste.
d36206dd-92d2-4da1-aac4-3c096d4e94ab,Mexican Salad,Mexican style character salad.,file:///data/user/0/host.exp.exponent/cache/ExperienceData/%2540anonymous/f239d68e-472b-4558-86fe-684482eaa89d,1 person,https://youtu.be/tDaaWLuY?si=psHHQvFN,45 minutes,"pork, butter, chicken, garlic, cheese, sugar",f2b31142-6fd3-4611-a417-f2e6c07504a7,0,Always taste as you go. Fresh lime will enhance the flavors.
d50c7616-b85d-4144-8615-050a3128998b,American Main Course,American style bad main course.,file:///data/user/0/host.exp.exponent/cache/ExperienceData/%2540anonymous/7a9b3282-7fe7-4726-adcc-72867ffebd08,4 people,https://youtu.be/UnccOLjc?si=CRhzWwLM,2 hours,"cheese, sugar, pork, garlic, cinnamon",e244f0d6-34d8-4b0d-a898-d1878fdc9c1a,0,Use fresh ingredients for better flavor. Do not overmix when making muffins.
18dbad0c-6ec4-4e6e-8911-b6002771f406,Mexican Salad,Mexican style well salad.,file:///data/user/0/host.exp.exponent/cache/ExperienceData/%2540anonymous/21ff765d-6bf9-4630-ae8e-2efe7ad1a910,4 people,https://youtu.be/luQmNzHe?si=ujrFNHvl,1 hour,"butter, sugar, cinnamon",73956f37-bb0b-4f54-814d-12dfd6731f3c,0,Use fresh ingredients for better flavor. Fresh lime will enhance the flavors.
380a1dc6-494f-4e0d-a489-3f53fe6b9698,Chinese Salad,Chinese style enough salad.,file:///data/user/0/host.exp.exponent/cache/ExperienceData/%2540anonymous/69cedf32-9e1e-4b18-a558-f49ef940c1eb,1 person,https://youtu.be/YOtPXwvr?si=ngyYudGO,1 hour,"egg, sugar, onion",4067b2c4-fe7d-478f-a60e-f76cfbdbd039,0,Always taste as you go. Sesame oil can add a great flavor to stir-fries.
fbf86d40-76d1-48ed-acf3-db21625a7193,Indian Salad,Indian style choose salad.,file:///data/user/0/host.exp.exponent/cache/ExperienceData/%2540anonymous/9855e41a-21bd-4fdc-bcab-37462945fd77,2 people,https://youtu.be/DaThuPVV?si=wngsggkW,30 minutes,"pork, milk, butter",5bb318a9-3eaa-43ae-81c2-7e28990eb898,0,Make sure to season well. Adjust the amount of spices if you prefer less heat.
14567cb1-19ab-49e1-8848-eb4117873ba8,Indian Snack,Indian style floor snack.,file:///data/user/0/host.exp.exponent/cache/ExperienceData/%2540anonymous/4c9a89cc-295e-4a80-8419-893e754db38e,1 person,https://youtu.be/FvRgiIWO?si=rORPlWRs,45 minutes,"egg, pepper, basil",4ccf47e9-1ed5-492d-a52f-d365f1b05ffb,0,Always taste as you go. Adjust the amount of spices if you prefer less heat.
200823ea-010d-4c48-acfe-abda28cfd758,Indian Main Course,Indian style wife main course.,file:///data/user/0/host.exp.exponent/cache/ExperienceData/%2540anonymous/ecc86acd-e832-4131-bdc0-5d08c295dcc3,4 people,https://youtu.be/uCRPdlHu?si=oibmhRIi,30 minutes,"cinnamon, milk, sugar, garlic, butter",1a28a76f-152b-4ab8-b7b8-572f88892ca8,0,Always taste as you go. Adjust the amount of spices if you prefer less heat.
fe2df8fc-eeb5-4d96-89ca-7ab6b398d07c,Chinese Dessert,Chinese style area dessert.,file:///data/user/0/host.exp.exponent/cache/ExperienceData/%2540anonymous/58056d36-1b63-497c-85d5-a06d0dce8a96,6 people,https://youtu.be/gSsPdXJy?si=BlaZbHkx,2 hours,"onion, sugar, cheese, basil, pepper",846756c2-8cc1-4e36-b792-7acfc4e691fa,0,Use fresh ingredients for better flavor. Sesame oil can add a great flavor to stir-fries.
bab425bc-5e01-42dd-96cc-80ffd6c9c672,Italian Dessert,Italian style practice dessert.,file:///data/user/0/host.exp.exponent/cache/ExperienceData/%2540anonymous/49d32509-32a6-4e59-85cf-d469dffcc53c,6 people,https://youtu.be/zGxUfWiM?si=cbduDBrM,45 minutes,"beef, cheese, pork, cinnamon, pepper, flour",d98dc68d-fd53-4293-a5c6-360585c20686,0,Make sure to season well. Use olive oil for an authentic taste.
2a9be168-54c9-4c32-b2c0-6ee57e3d42fc,Mexican Soup,Mexican style reduce soup.,file:///data/user/0/host.exp.exponent/cache/ExperienceData/%2540anonymous/90c55ff9-90c4-4718-bd3b-bb4e15f74cc1,2 people,https://youtu.be/hozAdoHi?si=hoQScNOR,45 minutes,"butter, cinnamon, milk, cheese",2bbca646-847b-45be-be34-249e0e8ca81c,0,Always taste as you go. Fresh lime will enhance the flavors.
45e31f9f-2b2c-411d-9da2-384a5125a77b,Italian Main Course,Italian style reflect main course.,file:///data/user/0/host.exp.exponent/cache/ExperienceData/%2540anonymous/0c6bdf25-fe7b-42d8-aa13-cc76f34e04c7,2 people,https://youtu.be/WCOiwetR?si=PdAhiXSl,45 minutes,"garlic, milk, cheese, flour, basil",15fdb939-d512-40de-adf0-983526bffcc9,0,Let it rest after cooking. Use olive oil for an authentic taste.
b89ad4c2-716e-452d-9e4a-281288b5bd7f,Mexican Snack,Mexican style it snack.,file:///data/user/0/host.exp.exponent/cache/ExperienceData/%2540anonymous/0efc99da-814e-486b-9734-5a39cf361590,1 person,https://youtu.be/JeXIUIkX?si=kmITjodk,1 hour,"basil, onion, garlic, butter, pork",c7405b1c-fd37-464a-95e6-363d57d712d6,0,Always taste as you go. Fresh lime will enhance the flavors.
6b289939-82ab-46c8-9c7d-45fdb390fac8,Indian Salad,Indian style figure salad.,file:///data/user/0/host.exp.exponent/cache/ExperienceData/%2540anonymous/fd21c05b-67cf-4c59-8220-ceda691df962,1 person,https://youtu.be/pMxTZngV?si=rdvxUjcz,2 hours,"milk, basil, pepper, cheese",ed1d22b0-bb68-499b-9f7f-c8be0dc6ace6,0,Always taste as you go. Adjust the amount of spices if you prefer less heat.
938f3866-d24a-4028-bcf6-d489377de584,American Soup,American style work soup.,file:///data/user/0/host.exp.exponent/cache/ExperienceData/%2540anonymous/a67451f3-2b0b-4c4a-8cca-5b78da712e72,1 person,https://youtu.be/lZBNHydV?si=ChYpHVxA,45 minutes,"sugar, milk, onion, chicken",f50effba-a44b-445f-9efc-b7bd1a7688c1,0,Let it rest after cooking. Do not overmix when making muffins.
f93f0094-afb7-4ff0-a20a-1d0fa4eb45e7,Italian Snack,Italian style partner snack.,file:///data/user/0/host.exp.exponent/cache/ExperienceData/%2540anonymous/1828fac8-719f-431f-b96f-c58269a0176c,2 people,https://youtu.be/lRJRDtgT?si=YoEdHQNJ,30 minutes,"butter, garlic, cheese, tomato",fb534f20-8b96-4c03-adf4-e424b8300b65,0,Always taste as you go. Use olive oil for an authentic taste.
c2b8fcef-d1bf-44c7-9ce6-d4a9ff7e4f36,Italian Snack,Italian style people snack.,file:///data/user/0/host.exp.exponent/cache/ExperienceData/%2540anonymous/ccc3d3f1-5289-43c6-9dc8-0de9e53609f6,4 people,https://youtu.be/tsnVcNHy?si=uigvNCVv,1 hour,"flour, beef, cheese, basil, milk",d2025b9a-c86a-400f-b61d-4ce3f65182ba,0,Always taste as you go. Use olive oil for an authentic taste.
1b994296-00b1-4370-a3d6-f7f3f15a20e8,Italian Dessert,Italian style entire dessert.,file:///data/user/0/host.exp.exponent/cache/ExperienceData/%2540anonymous/e5a7f598-94e3-45b6-b6a2-477e8c112270,6 people,https://youtu.be/guFIMiUW?si=dSJZcDEc,2 hours,"flour, chicken, pepper, milk, beef",aa8a73a6-84db-4999-83cf-b0e4cbbfc55d,0,Always taste as you go. Use olive oil for an authentic taste.
a9ec915a-fe57-4a8a-ab03-628bf83c1f5c,Indian Soup,Indian style sort soup.,file:///data/user/0/host.exp.exponent/cache/ExperienceData/%2540anonymous/99264a8f-e15f-4b75-a1ac-7b4dd8d5239c,2 people,https://youtu.be/iUkcLtBt?si=BnJIXKGS,1 hour,"butter, chicken, beef, milk",695e93ad-bb28-4c76-bf6a-1101962c9238,0,Use fresh ingredients for better flavor. Adjust the amount of spices if you prefer less heat.
aae0f401-6b63-4830-ad13-5c633795f748,Mexican Dessert,Mexican style his dessert.,file:///data/user/0/host.exp.exponent/cache/ExperienceData/%2540anonymous/d0987e37-5ef3-4cc0-b464-864b4fa2a464,6 people,https://youtu.be/TWeYZdsp?si=zIRpMgMC,30 minutes,"garlic, egg, cheese, cinnamon",3b7efb3c-d3e6-492b-b39c-9fff41392b27,0,Let it rest after cooking. Fresh lime will enhance the flavors.
ba3edc62-8d82-442f-8ba8-6899e6f0914a,Chinese Soup,Chinese style television soup.,file:///data/user/0/host.exp.exponent/cache/ExperienceData/%2540anonymous/fef3f5b8-49cc-4432-82f3-f731bd2f191b,4 people,https://youtu.be/EKVCsCYW?si=oAPukaEO,45 minutes,"beef, flour, onion, garlic, tomato, chicken",65d6d09c-829e-4669-88ec-8d3932ded2ad,0,Use fresh ingredients for better flavor. Sesame oil can add a great flavor to stir-fries.
9eb2a5d1-4680-4f3d-9152-bca804ad18ff,Italian Main Course,Italian style later main course.,file:///data/user/0/host.exp.exponent/cache/ExperienceData/%2540anonymous/9c213e8e-4ef8-4eae-9bc6-fb08253e74e2,1 person,https://youtu.be/SVLwblRf?si=bpqjLDLf,1 hour,"egg, beef, milk, butter, sugar",dc69c4f3-956d-4b3e-a0ee-c591cbec703f,0,Let it rest after cooking. Use olive oil for an authentic taste.
8a7be56c-22cc-42cf-9022-43216a347947,Italian Salad,Italian style detail salad.,file:///data/user/0/host.exp.exponent/cache/ExperienceData/%2540anonymous/73152abc-3e55-43e0-a962-a2af8540b4e1,4 people,https://youtu.be/upuGhAho?si=NCrUsNKC,45 minutes,"chicken, milk, cheese, sugar, tomato, basil",28947c22-42b8-4c67-9f36-0e4b3b1d93d7,0,Use fresh ingredients for better flavor. Use olive oil for an authentic taste.
9fbb482f-d392-4bdf-9435-2229f99c6165,Indian Salad,Indian style better salad.,file:///data/user/0/host.exp.exponent/cache/ExperienceData/%2540anonymous/26128c84-e220-4bc3-bf03-376efb40383b,1 person,https://youtu.be/EreHDyxw?si=VVRsFyTS,1 hour,"beef, milk, tomato",160d1c4f-b4c5-40a9-ba37-6735f5354b43,0,Use fresh ingredients for better flavor. Adjust the amount of spices if you prefer less heat.
0aee6f2a-0f1e-42e4-934d-c2ec1dd1d615,Italian Snack,Italian style prevent snack.,file:///data/user/0/host.exp.exponent/cache/ExperienceData/%2540anonymous/ce2f03f0-9a9c-4a1f-beb8-fb7ee206d3aa,1 person,https://youtu.be/OAlmvtdk?si=eNHvoyuw,30 minutes,"cinnamon, flour, beef, basil, butter, garlic",506e0eb0-14d3-40f8-8e49-08ac2a7c560f,0,Let it rest after cooking. Use olive oil for an authentic taste.
8d35191c-b75a-4560-9542-b83bcc40ee47,Italian Salad,Italian style television salad.,file:///data/user/0/host.exp.exponent/cache/ExperienceData/%2540anonymous/c2e52be2-9750-4cbd-9e9e-03e774a9752d,4 people,https://youtu.be/yCeplddg?si=AcWWgAOF,2 hours,"tomato, pork, beef, onion",b6d2d110-e80c-4bfe-a00e-1058993e56a4,0,Always taste as you go. Use olive oil for an authentic taste.
6c3515f6-1c11-433b-a31b-8fe4ba592e2a,Chinese Main Course,Chinese style individual main course.,file:///data/user/0/host.exp.exponent/cache/ExperienceData/%2540anonymous/135c86c1-757a-4d58-aaff-d3e50cb9963f,1 person,https://youtu.be/sWBmGztm?si=gxcKgnXL,45 minutes,"milk, cinnamon, egg, pepper, chicken",fe4d7ca0-16b3-4408-b1cc-125ba701fe13,0,Make sure to season well. Sesame oil can add a great flavor to stir-fries.
95357ca5-0aa9-4399-bf22-4b214192aeb5,Chinese Snack,Chinese style ago snack.,file:///data/user/0/host.exp.exponent/cache/ExperienceData/%2540anonymous/e1920722-656a-4699-9bb0-6f9d1fcf30e7,6 people,https://youtu.be/KIfouZDp?si=ohoyVmGB,2 hours,"pepper, beef, sugar, cheese",7dc860eb-ad86-48ec-b395-852858720f02,0,Make sure to season well. Sesame oil can add a great flavor to stir-fries.
6107d904-21fe-4bca-b022-e032fc827933,Italian Main Course,Italian style town main course.,file:///data/user/0/host.exp.exponent/cache/ExperienceData/%2540anonymous/92b78b22-4b5d-4daf-b2a0-f189a742b76d,2 people,https://youtu.be/muzgoRzN?si=KbGINMjI,1 hour,"cheese, basil, cinnamon, beef, butter, flour",5709111d-42fa-436f-a400-fedb9231f1b5,0,Make sure to season well. Use olive oil for an authentic taste.
5fa9c1fc-1772-408c-af8a-c2db65609ca1,Chinese Salad,Chinese style believe salad.,file:///data/user/0/host.exp.exponent/cache/ExperienceData/%2540anonymous/4e688def-a8a9-4e4a-b6ce-1c65c5051a33,6 people,https://youtu.be/apnoOiCc?si=YiiIhsvs,2 hours,"cheese, onion, cinnamon, basil, tomato, sugar",ab29bf98-aaa7-4700-aa02-91d1701907aa,0,Let it rest after cooking. Sesame oil can add a great flavor to stir-fries.
02d23871-44cc-4d80-9c4d-cdcbba71652b,Indian Dessert,Indian style center dessert.,file:///data/user/0/host.exp.exponent/cache/ExperienceData/%2540anonymous/13b8fa71-5459-4250-8132-ac464f32de34,2 people,https://youtu.be/kVuriEOP?si=awxjgjyK,45 minutes,"basil, beef, milk, egg",901b4196-20a2-4e33-80ef-bd31f6b77936,0,Use fresh ingredients for better flavor. Adjust the amount of spices if you prefer less heat.
50d03165-090d-4d47-83d1-731c89f9987e,Mexican Soup,Mexican style notice soup.,file:///data/user/0/host.exp.exponent/cache/ExperienceData/%2540anonymous/394e53d0-6b99-4e2a-a5bb-b8bfd577abeb,2 people,https://youtu.be/EUwyITnI?si=eihpoQHW,1 hour,"butter, milk, egg",1998268a-c9ab-4375-9dc7-b3921829b877,0,Let it rest after cooking. Fresh lime will enhance the flavors.
ba50f873-ba05-494b-bc8a-daad04c737eb,Chinese Soup,Chinese style paper soup.,file:///data/user/0/host.exp.exponent/cache/ExperienceData/%2540anonymous/919e54cc-91d6-4bc5-94a6-e7095fb1b1f9,4 people,https://youtu.be/bZBQPRGr?si=byKBrMsg,45 minutes,"butter, egg, sugar, garlic, tomato, basil",d69ddca7-49e0-479f-ac18-e01ae9484ecb,0,Make sure to season well. Sesame oil can add a great flavor to stir-fries.
80821a7e-c3cd-4472-80e0-fd5104b84f4f,Italian Dessert,Italian style piece dessert.,file:///data/user/0/host.exp.exponent/cache/ExperienceData/%2540anonymous/697943ab-5b09-42ad-bc9e-f3ca7a3ba592,4 people,https://youtu.be/ERtVszHj?si=NgzKLblE,2 hours,"basil, beef, sugar",a5e54a81-2ec4-41bc-be73-934a04c3f5f0,0,Use fresh ingredients for better flavor. Use olive oil for an authentic taste.
3741947d-a5a3-47c8-96ee-022ba6013061,Chinese Main Course,Chinese style full main course.,file:///data/user/0/host.exp.exponent/cache/ExperienceData/%2540anonymous/02a02679-0853-4e56-ba46-35e0d524a6a7,2 people,https://youtu.be/dSgbpFFm?si=WWxmWyrE,1 hour,"butter, egg, milk, onion",a26a2394-0e36-4671-aa58-b072aece0fd7,0,Use fresh ingredients for better flavor. Sesame oil can add a great flavor to stir-fries.
baced6fb-7c17-430a-898d-caabcd89c44a,Italian Dessert,Italian style arrive dessert.,file:///data/user/0/host.exp.exponent/cache/ExperienceData/%2540anonymous/339a9f3d-97f7-4faf-bdce-8d594ba24fd9,1 person,https://youtu.be/oQrKonEB?si=HSmhrwQa,1 hour,"tomato, cinnamon, beef, pepper",df7bceb9-54da-41a1-913c-f59d8b657a9a,0,Make sure to season well. Use olive oil for an authentic taste.
661080e7-7d0f-42a8-aa0d-208e775211f8,American Soup,American style some soup.,file:///data/user/0/host.exp.exponent/cache/ExperienceData/%2540anonymous/6043b51c-b83e-4a42-991f-91b9f54f795c,4 people,https://youtu.be/YkxWCdCU?si=DdQtRWcM,1 hour,"sugar, garlic, pork, basil",63598a67-9777-4c2c-af85-d8a302cc0cc2,0,Let it rest after cooking. Do not overmix when making muffins.
45066bac-6afa-4251-9188-d6549e26919c,Italian Salad,Italian style some salad.,file:///data/user/0/host.exp.exponent/cache/ExperienceData/%2540anonymous/beb83b7f-4511-46de-800d-dd5c1028b309,4 people,https://youtu.be/QyDKKvYh?si=WCRlLQqo,1 hour,"pepper, milk, cheese",72c496ae-23c4-4df6-a2f6-2cc3e2607b19,0,Make sure to season well. Use olive oil for an authentic taste.
e75b68d6-0951-498e-ba9b-7c061c2f2db5,Indian Salad,Indian style responsibility salad.,file:///data/user/0/host.exp.exponent/cache/ExperienceData/%2540anonymous/026a993c-563c-4203-9714-c560122c559d,1 person,https://youtu.be/lArJnNiP?si=dKWhAAQi,1 hour,"flour, sugar, cinnamon, onion",f1b58995-404c-4f02-be5b-ea7bb1b1290c,0,Let it rest after cooking. Adjust the amount of spices if you prefer less heat.
45e76b3f-7e04-4ffa-9703-61438236235b,Italian Salad,Italian style loss salad.,file:///data/user/0/host.exp.exponent/cache/ExperienceData/%2540anonymous/1d6e3459-6750-4ed0-8f49-42bfd9f23fbb,6 people,https://youtu.be/isenzrvU?si=wpDjuGrW,30 minutes,"pepper, beef, pork",a4ecdfe4-01e5-4edd-b6bf-35c85007ff8d,0,Use fresh ingredients for better flavor. Use olive oil for an authentic taste.
0dfb0594-68e4-4116-b2fc-d6d79e210264,Indian Salad,Indian style be salad.,file:///data/user/0/host.exp.exponent/cache/ExperienceData/%2540anonymous/24a9cf98-81a0-4830-80f7-253a91bd0107,1 person,https://youtu.be/bSoOTfHP?si=xzMtlKlp,45 minutes,"butter, pepper, tomato, egg",4a354ace-45b4-41a1-bf7a-1438be9bc1e5,0,Use fresh ingredients for better flavor. Adjust the amount of spices if you prefer less heat.
4218aadb-aac4-461a-972b-cf3728cbfa14,Italian Salad,Italian style help salad.,file:///data/user/0/host.exp.exponent/cache/ExperienceData/%2540anonymous/1402f97c-dd48-4abe-bac9-2970d380942e,1 person,https://youtu.be/vPVNknBo?si=wIeyMHAp,45 minutes,"cinnamon, tomato, egg, pepper, basil, sugar",08beaac6-354c-4c37-abf0-10fea8125070,0,Let it rest after cooking. Use olive oil for an authentic taste.
4fc53b93-6d42-4558-8b5a-2514b3d6cb97,Italian Soup,Italian style skill soup.,file:///data/user/0/host.exp.exponent/cache/ExperienceData/%2540anonymous/b7062216-f6fd-4f47-bc85-dfa7bee46f79,6 people,https://youtu.be/dmjnwMSb?si=rRLUSrww,2 hours,"cinnamon, pork, egg",39bd8520-a1f1-4aa2-b063-c8572d274939,0,Use fresh ingredients for better flavor. Use olive oil for an authentic taste.
0ace9239-8f2c-4098-9f60-815586cc45c1,American Salad,American style party salad.,file:///data/user/0/host.exp.exponent/cache/ExperienceData/%2540anonymous/aa953a22-877a-4837-abfb-ec1849b2975b,2 people,https://youtu.be/NRdKeAmq?si=ApuDMKDe,2 hours,"cheese, milk, tomato, flour, cinnamon",1a43ca18-011a-4558-9b29-b35bc80f346a,0,Let it rest after cooking. Do not overmix when making muffins.
64e30311-23a1-41fc-8edb-67581de656a6,Mexican Snack,Mexican style can snack.,file:///data/user/0/host.exp.exponent/cache/ExperienceData/%2540anonymous/71dd2f0a-67f8-4300-aedb-54ced9325d45,1 person,https://youtu.be/IIGyjSEG?si=uhpGwLdI,2 hours,"chicken, egg, basil, flour, onion",94f33784-aeea-4c5e-8ced-0433f4c0cf04,0,Always taste as you go. Fresh lime will enhance the flavors.
